 -4.92326e-02   8.15251e-13  -1.53746e-13  -1.13767e-14  -5.99270e-15   8.17027e-13  -1.54865e-16 
 -7.80148e-01   1.25614e-11  -2.17294e-12  -1.73889e-13  -9.38951e-14   1.26182e-11  -2.44981e-15 
  1.79408e+00  -2.89903e-11   5.21455e-12   3.79700e-13   2.14516e-13  -2.90471e-11   5.58104e-15 
 -1.53544e-01   2.49511e-12  -4.22575e-13  -3.46547e-14  -1.86140e-14   2.50576e-12  -4.89246e-16 
 -1.14733e-01   1.84861e-12  -3.16322e-13  -2.61584e-14  -1.37341e-14   1.85926e-12  -3.61276e-16 
  1.78778e-02  -2.91246e-13   5.26091e-14   4.13800e-15   2.15448e-15  -2.91690e-13   5.59838e-17 
 -1.28955e-02   2.09862e-13  -3.73564e-14  -2.89794e-15  -1.55327e-15   2.10750e-13  -4.05983e-17 
 -7.71347e-02   1.24164e-12  -2.15669e-13  -1.76762e-14  -9.26747e-15   1.24697e-12  -2.42695e-16 
 -2.06122e-01   3.36963e-12  -6.29821e-13  -4.75177e-14  -2.47799e-14   3.38384e-12  -6.44897e-16 
 -2.78852e-01   4.57990e-12  -8.54609e-13  -6.46602e-14  -3.36994e-14   4.57989e-12  -8.76035e-16 
 -3.63970e-01   5.88197e-12  -1.03531e-12  -8.30973e-14  -4.36590e-14   5.89618e-12  -1.14226e-15 
  1.25322e-01  -2.02697e-12   3.56342e-13   2.72042e-14   1.50838e-14  -2.03763e-12   3.93660e-16 
  1.09836e-02  -1.77455e-13   3.04951e-14   2.51588e-15   1.32570e-15  -1.77899e-13   3.47220e-17 
  8.47337e-02  -1.37745e-12   2.49778e-13   1.91401e-14   1.02053e-14  -1.38455e-12   2.63126e-16 
 -2.68093e-02   4.36638e-13  -7.83541e-14  -5.89641e-15  -3.23379e-15   4.38414e-13  -8.41273e-17 
 -9.85457e-02   1.59527e-12  -2.81562e-13  -2.26405e-14  -1.18309e-14   1.59882e-12  -3.08530e-16 
  5.45781e-02  -8.82589e-13   1.52565e-13   1.24841e-14   6.56446e-15  -8.86141e-13   1.71731e-16 
 -9.43792e-03   1.54082e-13  -2.71491e-14  -2.22755e-15  -1.13986e-15   1.54526e-13  -2.99680e-17 
 -5.92474e-03   9.61884e-14  -1.72733e-14  -1.36221e-15  -7.11580e-16   9.66323e-14  -1.86051e-17 
 -6.13308e-03   9.98239e-14  -1.84307e-14  -1.39107e-15  -7.35633e-16   1.00046e-13  -1.91201e-17 
  1.24368e-03  -2.04305e-14   3.73141e-15   3.00962e-16   1.50261e-16  -2.04305e-14   3.88836e-18 
 -5.70054e-03   9.27426e-14  -1.66521e-14  -1.25920e-15  -6.85584e-16   9.31865e-14  -1.78070e-17 
  8.13306e-03  -1.31636e-13   2.41538e-14   1.79903e-15   9.73928e-16  -1.32080e-13   2.52471e-17 
 -1.24137e-02   1.98971e-13  -3.46516e-14  -2.89984e-15  -1.48413e-15   2.00303e-13  -3.84621e-17 
 -7.13575e-03   1.16935e-13  -2.18581e-14  -1.66037e-15  -8.63712e-16   1.17157e-13  -2.22948e-17 
 -6.46564e-03   1.05217e-13  -1.88546e-14  -1.49989e-15  -7.78106e-16   1.05439e-13  -2.02437e-17 
 -4.22227e-04   6.86319e-15  -1.23784e-15  -9.48771e-17  -5.06627e-17   6.89094e-15  -1.30856e-18 
 -3.33212e-03   5.43201e-14  -9.78821e-15  -7.48705e-16  -4.00694e-16   5.44311e-14  -1.03647e-17 
  9.04251e-04  -1.48241e-14   2.66440e-15   2.16694e-16   1.09914e-16  -1.49074e-14   2.78330e-18 
 -2.50613e-03   4.06248e-14  -7.22813e-15  -5.59350e-16  -3.00833e-16   4.05137e-14  -7.79514e-18 
 -9.05600e-04   1.46019e-14  -2.59660e-15  -1.96417e-16  -1.08551e-16   1.46851e-14  -2.87112e-18 
 -7.19748e-04   1.16821e-14  -2.10759e-15  -1.67629e-16  -8.61884e-17   1.16821e-14  -2.23310e-18 
  2.69472e-04  -4.38958e-15   7.88686e-16   6.60190e-17   3.23242e-17  -4.39651e-15   8.75012e-19 
  5.24010e-04  -8.51210e-15   1.50597e-15   1.33698e-16   6.31813e-17  -8.52596e-15   1.64229e-18 
  1.37900e-03  -2.23460e-14   4.04483e-15   3.04914e-16   1.65577e-16  -2.24014e-14   4.33882e-18 
  7.07309e-04  -1.15695e-14   2.11165e-15   1.71651e-16   8.55371e-17  -1.15973e-14   2.09884e-18 
 -1.26084e-04   2.06456e-15  -3.63279e-16  -3.39157e-17  -1.53501e-17   2.07150e-15  -3.17531e-19 
  1.04741e-04  -1.80049e-15   3.02125e-16   3.26590e-17   1.34505e-17  -1.80742e-15   2.84775e-19 
 -5.90024e-05   8.78024e-16  -1.77859e-16  -5.77848e-18  -6.45241e-18   8.81492e-16  -2.95935e-19 
  1.46314e-03  -2.36529e-14   4.21638e-15   3.22569e-16   1.75168e-16  -2.37639e-14   4.44682e-18 
 -2.43866e-04   3.97488e-15  -7.05390e-16  -6.56079e-17  -2.93249e-17   3.96793e-15  -7.64183e-19 
 -7.53316e-05   1.27479e-15  -2.09775e-16  -3.26075e-17  -9.42347e-18   1.27652e-15  -2.94724e-19 
 -9.44140e-05   1.52850e-15  -2.80917e-16  -2.95990e-17  -1.11916e-17   1.52850e-15  -3.25003e-19 
  6.02357e-04  -9.74300e-15   1.75939e-15   1.33386e-16   7.21749e-17  -9.77075e-15   1.76718e-18 
  2.06819e-04  -3.34315e-15   6.06566e-16   5.90355e-17   2.46986e-17  -3.35009e-15   6.84509e-19 
 -1.70566e-04   2.81994e-15  -5.06776e-16  -4.66210e-17  -2.07417e-17   2.81300e-15  -6.83622e-19 
  5.18674e-04  -8.49532e-15   1.48312e-15   1.23291e-16   6.32578e-17  -8.52306e-15   1.75963e-18 
  1.20988e-04  -2.01369e-15   3.58730e-16   5.34028e-17   1.48185e-17  -2.02062e-15   5.35821e-19 
 -4.47307e-04   7.35191e-15  -1.31327e-15  -9.29947e-17  -5.44919e-17   7.35190e-15  -1.53564e-18 
 -2.33775e-04   3.78920e-15  -6.64100e-16  -3.87788e-17  -2.82186e-17   3.81001e-15  -8.24441e-19 
  8.69608e-05  -1.43413e-15   2.69000e-16   1.42844e-17   1.05862e-17  -1.43066e-15   2.95538e-19 
  6.18851e-05  -9.89481e-16   1.74542e-16   1.67394e-17   7.33413e-18  -9.94684e-16   1.29589e-19 
  1.44870e-04  -2.37623e-15   4.16413e-16   5.69697e-17   1.75259e-17  -2.39010e-15   3.90813e-19 
 -1.06985e-04   1.77428e-15  -3.11476e-16  -2.98475e-17  -1.31894e-17   1.78469e-15  -2.99731e-19 
 -1.57802e-05   2.32080e-16  -5.44305e-17   1.35118e-18  -1.67772e-18   2.33381e-16  -6.18847e-20 
  1.65708e-04  -2.70808e-15   4.81889e-16   5.13658e-17   1.99695e-17  -2.71502e-15   5.23559e-19 
 -4.36807e-05   7.05819e-16  -1.32752e-16  -7.75022e-19  -5.25925e-18   7.07553e-16  -9.88299e-20 
 -1.06601e-04   1.72619e-15  -3.14252e-16  -3.05344e-17  -1.27569e-17   1.72619e-15  -2.63050e-19 
 -7.55434e-05   1.23378e-15  -2.22479e-16  -1.30095e-17  -9.17063e-18   1.23724e-15  -2.27984e-19 
 -6.91558e-05   1.10027e-15  -1.97922e-16   4.61661e-18  -8.28821e-18   1.10027e-15  -1.38420e-19 
  1.82577e-04  -2.95895e-15   5.35079e-16   3.07571e-17   2.20385e-17  -2.97977e-15   5.58519e-19 
 -3.65652e-05   4.74295e-16  -1.10459e-16   2.01422e-17  -3.52480e-18   4.76029e-16  -7.94987e-20 
 -1.87716e-04   3.08479e-15  -5.46713e-16  -5.45484e-17  -2.27638e-17   3.09173e-15  -6.68660e-19 
 -1.47554e-04   2.34576e-15  -4.31135e-16  -3.65779e-19  -1.75054e-17   2.34923e-15  -4.93807e-19 
  1.03467e-04  -1.57895e-15   3.01760e-16   6.16826e-18   1.16661e-17  -1.58242e-15   1.86334e-19 
 -4.83072e-05   8.85840e-16  -1.43298e-16  -9.56561e-18  -6.66083e-18   8.85839e-16  -2.02854e-19 
 -7.84331e-05   1.23254e-15  -2.28602e-16  -7.49356e-18  -9.14478e-18   1.23948e-15  -1.41643e-19 
 -7.19063e-05   1.10717e-15  -2.04751e-16  -9.96638e-18  -8.17182e-18   1.10890e-15  -2.74277e-19 
 -5.27000e-05   8.60814e-16  -1.50879e-16  -1.24021e-17  -6.40286e-18   8.62547e-16  -2.16764e-19 
 -3.00854e-05   4.86650e-16  -9.01206e-17   5.21239e-19  -3.62761e-18   4.87516e-16  -9.91773e-20 
  7.98738e-06  -1.83464e-16   2.70832e-17   1.93552e-17   1.30173e-18  -1.84114e-16   3.40195e-20 
  1.29293e-05  -2.83422e-16   3.91738e-17  -6.87209e-18   2.22856e-18  -2.83421e-16   5.17145e-20 
  1.54709e-04  -2.54189e-15   4.48098e-16   4.48122e-17   1.88174e-17  -2.55577e-15   5.65322e-19 
  6.51032e-05  -1.00506e-15   1.90062e-16   1.52901e-17   7.38082e-18  -1.00853e-15   2.10263e-19 
 -5.58892e-05   1.05385e-15  -1.66660e-16   6.85715e-18  -8.03030e-18   1.05385e-15  -2.55926e-19 
  7.97707e-06  -2.25594e-16   2.63797e-17   2.61159e-17   1.63762e-18  -2.25811e-16  -2.33277e-20 
 -2.40932e-05   3.47124e-16  -6.77860e-17   1.38237e-18  -2.56730e-18   3.47991e-16  -7.57946e-20 
  4.36720e-05  -7.20827e-16   1.24914e-16   2.69426e-17   5.24924e-18  -7.20826e-16   1.69668e-19 
 -4.90241e-05   7.80482e-16  -1.42329e-16  -1.41558e-17  -5.73848e-18   7.82216e-16  -1.59418e-19 
 -2.38654e-06  -6.85335e-18  -5.96628e-18   1.54994e-17   7.00801e-21  -6.79919e-18   1.03415e-19 
  2.96210e-05  -5.04163e-16   8.60190e-17  -5.76735e-18   3.83238e-18  -5.06764e-16   9.81450e-20 
 -1.97596e-05   3.12254e-16  -5.73505e-17   1.65374e-17  -2.40555e-18   3.12253e-16  -1.53062e-20 
 -7.04592e-05   1.11903e-15  -2.10583e-16  -1.79555e-17  -8.21756e-18   1.12423e-15  -2.54739e-19 
  5.95846e-05  -9.50511e-16   1.73582e-16  -5.29585e-18   7.08296e-18  -9.50509e-16   2.01577e-19 
  4.75629e-05  -6.93154e-16   1.41313e-16  -1.95370e-17   5.18295e-18  -6.94888e-16   6.79678e-20 
  1.51437e-05  -2.88582e-16   4.20423e-17   2.19275e-17   2.08823e-18  -2.89016e-16   5.58148e-20 
  3.81018e-06  -3.03762e-17   7.42301e-18  -1.28957e-17   2.82744e-19  -3.08098e-17  -7.47418e-20 
 -7.90749e-05   1.33834e-15  -2.26140e-16  -5.70644e-18  -1.00679e-17   1.33834e-15  -2.61674e-19 
 -5.99895e-05   9.86058e-16  -1.75141e-16  -1.45392e-17  -7.34020e-18   9.94730e-16  -2.01213e-19 
  6.84085e-06  -1.14739e-16   2.59245e-17   2.03388e-17   7.22112e-19  -1.15172e-16  -1.20512e-19 
 -2.28155e-05   4.11688e-16  -6.11066e-17   6.60046e-18  -3.17065e-18   4.10820e-16  -8.39621e-20 
 -3.42339e-06   6.84755e-17  -1.05899e-17   4.45824e-18  -5.44167e-19   6.85839e-17   3.06098e-21 
  1.83766e-05  -2.87806e-16   4.58883e-17  -2.41093e-18   2.17946e-18  -2.88239e-16  -1.62417e-20 
  2.55662e-06  -3.56210e-17   7.65249e-18  -1.58045e-19   2.56290e-19  -3.57294e-17  -1.32317e-20 
  4.62896e-05  -7.20587e-16   1.38143e-16  -5.65418e-19   5.36001e-18  -7.22321e-16   2.11184e-19 
 -4.97637e-06   7.33784e-17  -1.82960e-17  -6.07809e-18  -4.98886e-19   7.38120e-17  -1.01353e-19 
  2.50216e-05  -4.32141e-16   8.08813e-17   4.45467e-17   2.99436e-18  -4.33875e-16   6.52811e-20 
  2.64011e-05  -4.42115e-16   7.90111e-17   1.00155e-17   3.25457e-18  -4.44716e-16   1.00916e-19 
  3.65120e-06  -8.24417e-17   1.88502e-17   1.53854e-17   5.29696e-19  -8.26584e-17  -4.91924e-21 
  1.16109e-05  -1.83923e-16   3.14826e-17  -1.56035e-18   1.37989e-18  -1.83489e-16   6.60400e-20 
  2.27545e-06   2.32061e-17   1.71880e-17   5.63901e-19  -2.88035e-19   2.30977e-17  -6.62100e-20 
 -3.19073e-05   5.23439e-16  -9.38883e-17  -1.30326e-18  -3.93675e-18   5.26040e-16  -1.34500e-19 
  3.40567e-05  -5.85647e-16   9.86562e-17   1.62803e-17   4.33144e-18  -5.87381e-16   8.23227e-20 
  1.35663e-05  -2.55563e-16   3.25093e-17   4.81982e-18   1.94466e-18  -2.55129e-16   3.78311e-20 
 -8.70935e-06   9.56624e-17  -2.39298e-17   1.51277e-17  -7.64422e-19   9.63127e-17  -7.20669e-20 
 -5.25293e-05   8.66974e-16  -1.54832e-16  -1.21888e-17  -6.42308e-18   8.66973e-16  -1.67914e-19 
 -3.05146e-06   1.32219e-18  -1.17428e-17   1.16833e-18   4.79362e-20   1.43054e-18  -3.94607e-21 
 -1.38797e-05   1.17079e-16  -4.02926e-17   9.86111e-18  -8.12049e-19   1.17078e-16  -1.91335e-20 
 -1.73297e-06   1.66542e-17  -9.56700e-18  -2.57271e-18  -7.92276e-20   1.66000e-17  -3.76688e-20 
 -1.77125e-05   2.02138e-16  -5.34990e-17   1.78402e-17  -1.51247e-18   2.03872e-16  -3.40666e-20 
  3.92020e-05  -6.80908e-16   1.13179e-16   9.16434e-18   5.09613e-18  -6.80907e-16   1.14348e-19 
  3.76151e-05  -6.04130e-16   1.12969e-16   1.69215e-17   4.39236e-18  -6.05864e-16   1.47332e-19 
 -3.00931e-06   1.22932e-16  -9.14931e-18  -7.79208e-18  -9.49899e-19   1.22932e-16   3.07008e-21 
  7.93931e-06  -7.36097e-17   2.18872e-17  -2.62801e-17   6.43939e-19  -7.38263e-17   3.21145e-20 
 -4.76853e-06   1.27777e-16  -1.24313e-17  -1.20742e-17  -9.52351e-19   1.27885e-16  -3.03654e-20 
  8.30415e-06  -1.97440e-16   2.54648e-17   1.01459e-17   1.48163e-18  -1.97874e-16   5.48847e-20 
 -2.69487e-05   4.61091e-16  -7.61828e-17  -1.33722e-17  -3.39396e-18   4.61958e-16  -1.74601e-20 
 -2.72472e-06   6.72295e-17  -4.43150e-18   2.06387e-17  -6.47423e-19   6.74463e-17   1.10672e-20 
  1.76931e-05  -3.32400e-16   5.16891e-17   1.42471e-17   2.46307e-18  -3.33266e-16   4.44957e-20 
 -2.32340e-05   4.22305e-16  -6.88776e-17   7.63423e-18  -3.23978e-18   4.24040e-16  -1.11783e-19 
 -1.13707e-05   1.29044e-16  -3.68627e-17   3.79880e-18  -9.13378e-19   1.29911e-16  -1.36472e-20 
  1.99574e-05  -3.38062e-16   6.43904e-17   2.56418e-17   2.37735e-18  -3.38928e-16   6.43025e-20 
 -1.44734e-06   6.69756e-18  -1.68784e-17  -1.53630e-17   1.05062e-19   6.75174e-18  -1.12709e-21 
 -5.68139e-06   1.14463e-16  -1.33928e-17  -1.44125e-17  -8.15908e-19   1.14680e-16   1.85731e-20 
 -1.46171e-06   5.85115e-18  -4.39981e-18  -1.28347e-17   3.81217e-20   5.85111e-18   1.69098e-20 
  5.30590e-06  -1.56437e-16   1.97993e-17   2.40573e-17   1.08237e-18  -1.56654e-16   1.09428e-20 
  2.17420e-05  -3.75762e-16   5.55264e-17  -4.46236e-18   2.88883e-18  -3.76629e-16   6.70802e-20 
 -1.08938e-05   1.60961e-16  -2.36264e-17  -2.48230e-17  -1.08128e-18   1.60527e-16   4.42364e-20 
  3.54509e-06  -8.40337e-18   1.46042e-17  -1.24087e-17   6.77248e-20  -8.62013e-18  -5.52081e-21 
