 -5.72669e-02   9.38769e-02   4.81983e-02  -7.18168e-02  -1.24324e-03   9.38769e-02  -2.18636e-04 
  1.46192e+00  -3.16471e+00  -1.40230e+00   1.85736e+00   4.13585e-02  -3.16471e+00   5.62238e-03 
 -1.96704e-02  -5.22661e-02   2.36768e-03  -1.47717e-02   4.92377e-04  -5.22661e-02  -4.79662e-05 
 -1.46602e-01   4.21251e-01   1.98155e-01  -1.99021e-01  -6.01423e-03   4.21251e-01  -5.98105e-04 
  1.19716e-01   2.54704e-02  -1.82391e-01   1.58007e-01   1.97423e-03   2.54704e-02   4.94769e-04 
 -5.63739e-02   7.03068e-02   6.77631e-02  -8.25125e-02  -1.27511e-03   7.03068e-02  -2.54146e-04 
  3.31475e-01  -1.72934e+00  -2.68950e-01   6.70877e-01   1.53800e-02  -1.72934e+00   2.01088e-03 
 -3.15618e-02   5.47847e-01   3.83222e-02  -1.18780e-01  -4.76593e-03   5.47847e-01  -3.39824e-04 
  1.29774e-01   2.95463e-02  -9.45663e-02   2.14330e-01  -3.17488e-04   2.95463e-02   6.82917e-04 
 -6.02906e-02  -2.35525e-01   3.36190e-02  -6.70225e-02   2.21658e-03  -2.35525e-01  -2.37357e-04 
 -5.45693e-02  -3.73472e-01   1.05002e-02  -4.40457e-02   3.80853e-03  -3.73472e-01  -1.82183e-04 
  2.20744e-02  -1.80754e-01  -2.13100e-03   9.71556e-02   7.66720e-04  -1.80754e-01   3.13088e-04 
 -1.60278e-02   2.86156e-01  -3.08894e-02  -8.86760e-02  -1.36409e-03   2.86156e-01  -2.62118e-04 
 -4.47889e-03   5.32959e-02  -7.76399e-03  -2.29970e-02  -1.96150e-04   5.32959e-02  -6.60039e-05 
 -8.89619e-04  -3.51893e-01   2.67946e-02   8.73693e-02   2.25963e-03  -3.51893e-01   2.35618e-04 
  2.65846e-02   1.35477e-01  -2.35070e-03   5.68948e-02  -1.58868e-03   1.35477e-01   1.70733e-04 
 -9.26558e-03  -1.48634e-01   7.11178e-03   1.13945e-02   1.19412e-03  -1.48634e-01   2.46081e-05 
 -5.44953e-03   1.95234e-03   7.07317e-04  -6.91632e-03   5.90395e-05   1.95234e-03  -2.40577e-05 
  1.08488e-02   2.58107e-02   2.29060e-03   3.21900e-02  -4.35554e-04   2.58107e-02   9.33483e-05 
  2.43281e-03  -5.39850e-02   3.49330e-03   3.69607e-02   2.01610e-04  -5.39850e-02   1.03647e-04 
  1.47869e-02   3.51334e-02  -4.43682e-03   1.21940e-02  -4.20668e-04   3.51334e-02   4.24591e-05 
  1.31600e-02   7.36027e-02  -6.39817e-03   1.24148e-02  -7.31471e-04   7.36027e-02   4.43017e-05 
  2.04814e-02   2.42324e-01  -1.21705e-02  -2.92201e-03  -2.08003e-03   2.42324e-01   1.41998e-05 
  1.82767e-02  -1.60579e-01   7.95041e-05   7.32780e-02   8.33595e-04  -1.60579e-01   2.16929e-04 
  2.06956e-02   2.29220e-01  -8.60331e-03  -3.24300e-02  -1.83902e-03   2.29220e-01  -7.15624e-05 
 -2.63592e-03   1.53868e-01  -8.98602e-04  -5.85960e-02  -9.86537e-04   1.53868e-01  -1.62668e-04 
 -3.08325e-04  -4.76516e-02   4.30058e-03   1.69223e-02   2.79341e-04  -4.76516e-02   4.21010e-05 
 -7.56971e-03   1.01307e-02  -3.61546e-03   5.20361e-03  -5.68781e-05   1.01307e-02   7.32148e-06 
  1.08497e-02   1.05279e-02  -5.04781e-03   2.59080e-02  -2.64532e-04   1.05279e-02   7.84897e-05 
 -2.27566e-03   6.17306e-02  -7.42564e-03  -1.72025e-02  -3.83799e-04   6.17306e-02  -4.21705e-05 
 -2.62460e-02   2.55721e-02   1.12332e-02  -1.31584e-01   5.76400e-04   2.55721e-02  -3.64682e-04 
  2.63348e-02  -2.62559e-02   9.10294e-05  -1.57321e-03   1.11775e-04  -2.62559e-02   2.47332e-05 
  1.85318e-04  -2.76297e-03  -6.51202e-03   3.36880e-02  -1.30180e-04  -2.76297e-03   8.96876e-05 
  1.69051e-02  -1.02183e-02   2.79668e-03  -1.87038e-02   6.49217e-05  -1.02183e-02  -2.72414e-05 
 -1.17530e-02  -4.55232e-02   1.15467e-03   1.87990e-02   3.78881e-04  -4.55232e-02   3.12159e-05 
 -1.45278e-03  -6.66981e-02  -4.88565e-03  -4.26655e-03   6.50725e-04  -6.66981e-02  -1.07739e-05 
  9.94387e-03   6.48062e-03   9.96804e-04  -8.00130e-03  -1.03702e-04   6.48062e-03  -6.20220e-06 
  2.65345e-02   4.16028e-02  -2.99547e-03  -5.30678e-03  -4.21451e-04   4.16028e-02   1.92115e-05 
  4.42224e-03  -4.57438e-02  -7.76931e-03  -3.36594e-05   4.10355e-04  -4.57438e-02   8.25970e-06 
 -8.39837e-03  -3.04234e-05   3.43373e-03  -6.06832e-04   4.52211e-05  -3.04234e-05  -1.55734e-05 
  9.15455e-03   1.49690e-02  -3.58667e-03  -3.04684e-04  -1.03741e-04   1.49690e-02   4.69473e-06 
  1.62814e-03   5.37252e-02   8.21662e-03   1.04263e-03  -4.98735e-04   5.37252e-02   2.94084e-06 
 -1.59172e-03  -9.37529e-02  -4.93982e-03   4.41543e-03   7.97826e-04  -9.37529e-02   8.38359e-06 
 -4.97688e-03  -5.32921e-02   2.02448e-03   1.32902e-02   4.02254e-04  -5.32921e-02   2.43123e-05 
 -1.68854e-03   7.22539e-03  -1.65400e-03   9.77891e-03  -7.50845e-05   7.22539e-03   2.15494e-05 
 -1.38509e-02   8.27584e-02   7.42729e-03  -1.42176e-02  -6.07407e-04   8.27584e-02  -5.85404e-05 
  2.03725e-03  -2.53342e-02   4.41427e-04  -7.43838e-03   2.28032e-04  -2.53342e-02  -1.70260e-05 
  1.31975e-03  -5.93846e-02  -3.21123e-04   7.44137e-03   4.74314e-04  -5.93846e-02   1.75820e-05 
  2.56029e-03  -3.75292e-02  -5.01449e-04   8.50672e-03   2.70259e-04  -3.75292e-02   2.41807e-05 
 -5.68531e-03   3.96309e-02  -1.42226e-03   1.91512e-03  -3.17001e-04   3.96309e-02  -7.40110e-07 
 -6.00699e-03  -4.16713e-03   1.80442e-03  -7.95221e-03   7.42828e-05  -4.16713e-03  -2.49037e-05 
  5.68084e-03  -5.86580e-03  -1.91679e-03  -6.31415e-03   8.02594e-05  -5.86580e-03  -1.08205e-05 
  1.82710e-03   1.55725e-02  -3.21015e-03  -1.24118e-02  -3.69299e-05   1.55725e-02  -2.89233e-05 
 -2.04096e-03  -1.08941e-02  -9.60600e-04  -1.23005e-03   9.74622e-05  -1.08941e-02  -3.25347e-06 
 -5.65783e-04   6.72466e-03   1.97351e-03   4.43527e-03  -9.32886e-05   6.72466e-03   1.10260e-05 
 -6.13772e-03  -1.67563e-02   4.95847e-03   7.81055e-04   1.32957e-04  -1.67563e-02  -9.08343e-06 
  2.22322e-03   3.92972e-04   2.30391e-03  -7.98609e-03   1.21033e-05   3.92972e-04  -1.60724e-05 
 -1.23122e-03   3.01322e-02  -7.44658e-03   9.85076e-03  -2.67120e-04   3.01322e-02   2.85667e-05 
 -3.03479e-03   2.04685e-02  -2.58752e-03   1.41044e-03  -1.56534e-04   2.04685e-02   3.65455e-07 
 -8.58322e-06   1.21036e-03   1.41038e-04  -4.95865e-03   1.66831e-05   1.21036e-03  -1.11655e-05 
 -2.65229e-03   2.80307e-03   9.09060e-04   6.00381e-04  -2.68686e-05   2.80307e-03  -1.48669e-06 
 -3.33228e-03  -2.54594e-02   4.37415e-03  -2.11234e-03   2.04795e-04  -2.54594e-02  -6.66458e-06 
  1.49520e-03   8.72092e-03  -9.82766e-04   1.74763e-03  -7.48808e-05   8.72092e-03   5.82539e-06 
 -2.06228e-03   3.10793e-03   1.39887e-03   3.17455e-03  -5.46631e-05   3.10793e-03   5.49714e-08 
  2.42690e-03   9.18766e-04  -1.47212e-03   2.31249e-03  -1.03533e-05   9.18766e-04   1.08799e-05 
  2.36077e-03  -6.44780e-03   1.19411e-03  -5.14338e-04   4.97837e-05  -6.44780e-03  -2.30650e-06 
  7.14928e-04   1.97649e-02  -1.90943e-03   4.01954e-03  -1.76706e-04   1.97649e-02   8.09709e-06 
 -5.25523e-04  -9.79725e-03   2.09824e-03  -2.35721e-03   8.49430e-05  -9.79725e-03  -5.34754e-06 
  1.72553e-03   7.35012e-03  -4.05241e-03   1.32827e-03  -4.46201e-05   7.35012e-03   9.07542e-06 
 -3.17523e-04   9.27665e-04  -4.63184e-04   9.96686e-04  -8.57181e-06   9.27665e-04  -3.67973e-07 
 -1.84419e-03   2.86871e-03  -6.14285e-04   2.12835e-03  -3.26184e-05   2.86871e-03  -6.57424e-07 
  1.67634e-03   9.46561e-03  -8.88901e-04  -6.19264e-04  -7.22517e-05   9.46561e-03  -5.19779e-06 
  2.64620e-03   1.15834e-02   4.52146e-05   9.32627e-04  -1.03705e-04   1.15834e-02   1.97530e-06 
  2.45812e-03   8.21535e-03   6.74037e-04  -6.25387e-04  -6.77685e-05   8.21535e-03  -3.05436e-06 
 -1.47385e-03  -8.84960e-03   1.86918e-03   4.85910e-04   6.24501e-05  -8.84960e-03  -4.51874e-06 
 -2.88778e-04  -5.96275e-03  -7.04445e-04   4.38231e-04   4.80067e-05  -5.96275e-03   3.98227e-06 
 -1.45825e-03   2.54364e-03  -2.42018e-03   1.26937e-03  -1.43053e-05   2.54364e-03   5.93184e-06 
  2.29296e-04  -3.17173e-03   1.14800e-03   1.19300e-03   1.22437e-05  -3.17173e-03   2.56560e-06 
  1.37123e-03   5.13595e-03  -2.92726e-03  -2.37372e-03  -1.76714e-05   5.13595e-03  -3.77623e-06 
  8.76750e-04  -5.63504e-05  -3.47879e-04  -8.43191e-04   4.40349e-06  -5.63504e-05   5.97942e-07 
  6.88242e-04  -1.86311e-04  -4.67059e-04  -1.21569e-03   9.73738e-06  -1.86311e-04  -5.26827e-06 
 -2.71415e-04   1.21502e-03  -1.63207e-03   4.69498e-04  -6.17297e-06   1.21502e-03   9.67698e-07 
 -2.06813e-03  -4.41856e-03   1.99981e-03   3.77576e-03   6.64643e-06  -4.41856e-03   8.53562e-06 
  1.20001e-03  -6.46893e-04   2.20962e-03  -2.29120e-03   7.04938e-06  -6.46893e-04  -6.08633e-06 
 -1.35609e-03   5.07809e-05  -1.01152e-03   1.29621e-03  -1.68451e-06   5.07809e-05   1.30154e-07 
  5.40508e-04   1.29884e-03  -8.23975e-05   8.31887e-05  -1.21796e-05   1.29884e-03   1.05711e-06 
 -1.20083e-03  -2.00263e-03  -2.22610e-04   1.55874e-03   1.03904e-05  -2.00263e-03   1.16952e-06 
 -2.47719e-04   8.76714e-04  -9.73999e-04  -7.34737e-04   1.83568e-06   8.76714e-04  -3.43655e-06 
  3.87071e-04   6.61005e-04   7.49897e-04   8.89721e-05  -1.02985e-05   6.61005e-04   1.07979e-06 
 -4.97214e-04  -3.67605e-03   6.21595e-04   1.23627e-04   2.84161e-05  -3.67605e-03   1.09186e-06 
  1.79931e-04  -9.55790e-04  -1.40923e-03  -1.03004e-03   2.01493e-05  -9.55790e-04  -1.14817e-06 
  2.84546e-04  -4.13879e-04   1.74320e-03  -3.81712e-04  -2.81645e-06  -4.13879e-04  -1.94014e-06 
 -5.76853e-04   1.22543e-04   2.13934e-03   3.65206e-04  -1.27487e-05   1.22543e-04  -6.97635e-07 
  4.36839e-04   1.59196e-03   5.69188e-04  -2.20580e-04  -1.55202e-05   1.59196e-03   8.20411e-07 
 -3.47050e-04  -1.22304e-03   2.62120e-03   4.04447e-04  -3.58371e-06  -1.22304e-03   5.61623e-07 
 -9.49777e-04   1.48540e-03  -5.87115e-03   7.47550e-04   9.71682e-06   1.48540e-03   2.22716e-06 
  6.13070e-04  -8.80758e-04   2.93521e-03  -9.16411e-05  -5.90872e-06  -8.80758e-04   1.28428e-06 
 -1.43191e-04  -1.50018e-03  -1.04069e-03   2.98850e-04   1.56045e-05  -1.50018e-03   6.79797e-07 
 -2.33356e-04   9.41537e-04  -1.24438e-03   9.87695e-04  -8.60680e-06   9.41537e-04   2.99128e-06 
 -7.08911e-05  -8.87597e-04   1.15167e-03  -1.60011e-04   2.69879e-06  -8.87597e-04  -1.10503e-06 
 -7.06906e-04   3.11308e-03  -2.61068e-03  -7.81108e-05  -1.25999e-05   3.11308e-03  -1.79119e-06 
  2.43567e-04   2.74142e-04  -9.76683e-05   3.42887e-04  -5.35339e-06   2.74142e-04   2.65913e-06 
  4.93836e-04  -2.95891e-03   3.25868e-03   6.46077e-04   5.23760e-06  -2.95891e-03   1.23778e-06 
 -7.44154e-04  -1.94049e-04  -1.27057e-03   5.98729e-04   5.49113e-06  -1.94049e-04   6.52801e-07 
  5.13234e-04  -5.26813e-04   1.81383e-03  -1.84010e-04  -3.04297e-06  -5.26813e-04  -1.10339e-06 
  2.44695e-04  -3.96717e-04   1.90928e-03  -7.41700e-04  -1.21484e-06  -3.96717e-04  -1.42751e-06 
 -1.01123e-04  -4.61397e-04   4.74101e-04   4.27170e-04  -5.69480e-07  -4.61397e-04   6.06534e-07 
 -2.05275e-04  -2.08907e-04  -1.39898e-03  -2.46809e-04   9.51371e-06  -2.08907e-04  -7.94131e-07 
