 -2.76731e-02   4.54263e-02   2.32741e-02  -3.47162e-02  -6.01346e-04   4.54263e-02  -1.05690e-04 
  7.31180e-01  -1.58690e+00  -7.01691e-01   9.28582e-01   2.07350e-02  -1.58690e+00   2.81070e-03 
 -2.08621e-02   2.89293e-04   1.22909e-02  -2.16221e-02  -9.67703e-05   2.89293e-04  -6.69595e-05 
 -7.11311e-02   2.03418e-01   9.57940e-02  -9.63854e-02  -2.90129e-03   2.03418e-01  -2.89736e-04 
  5.75141e-02   1.10068e-02  -8.83250e-02   7.67835e-02   9.61695e-04   1.10068e-02   2.40075e-04 
 -3.37513e-02   2.41045e-02   4.38020e-02  -4.98245e-02  -6.50484e-04   2.41045e-02  -1.54315e-04 
  1.34838e-01  -7.63573e-01  -1.07742e-01   2.84631e-01   6.67223e-03  -7.63573e-01   8.51813e-04 
  1.57424e-03  -1.48010e-01  -6.66598e-03   2.52514e-02   1.27593e-03  -1.48010e-01   7.02834e-05 
 -5.97475e-02  -5.62998e-02   4.21266e-02  -9.62872e-02   5.43703e-04  -5.62998e-02  -3.09470e-04 
  9.22140e-02  -4.74166e-01  -8.01028e-02   1.85881e-01   4.33595e-03  -4.74166e-01   5.55273e-04 
  2.85224e-02  -1.26502e-01  -2.22821e-02   5.48175e-02   1.11745e-03  -1.26502e-01   1.64390e-04 
  4.98966e-02   1.89991e-01  -2.27712e-02   5.66167e-02  -1.91670e-03   1.89991e-01   2.00667e-04 
  1.50069e-02  -8.10222e-02  -2.86637e-03   5.02908e-02   3.12601e-04  -8.10222e-02   1.63590e-04 
 -6.49091e-03   8.40890e-02  -1.67484e-02  -3.43477e-02  -1.68404e-04   8.40890e-02  -1.05645e-04 
  1.07653e-04  -5.52842e-02   6.45014e-04   9.82500e-03   4.23067e-04  -5.52842e-02   2.66175e-05 
 -5.59518e-03  -1.75402e-01   2.07031e-02   3.78727e-02   1.05093e-03  -1.75402e-01   9.87883e-05 
  1.02527e-02   9.77214e-02  -3.11750e-04   1.60761e-02  -9.85662e-04   9.77214e-02   4.90157e-05 
 -2.48492e-03  -5.88512e-02   3.30770e-03   8.51464e-03   4.39846e-04  -5.88512e-02   2.13698e-05 
 -1.35637e-03  -6.46128e-03   3.22887e-03   7.30612e-03   1.49224e-05  -6.46128e-03   1.72475e-05 
  5.51354e-03   1.19629e-02   1.06157e-03   1.31772e-02  -1.86989e-04   1.19629e-02   3.81335e-05 
  5.13448e-04  -4.50598e-03   1.72019e-04   1.09051e-02   3.74132e-06  -4.50598e-03   2.95098e-05 
  1.19134e-02   2.73519e-02  -3.95714e-03   1.55656e-02  -3.54385e-04   2.73519e-02   5.03942e-05 
 -1.20307e-03   3.32550e-02   1.92819e-03  -1.15396e-02  -2.73584e-04   3.32550e-02  -3.16538e-05 
 -1.75532e-03  -1.16735e-01   2.88422e-03   1.66619e-02   8.88548e-04  -1.16735e-01   4.26665e-05 
  1.29964e-02   5.70077e-02  -2.26378e-03   2.84802e-03  -5.65288e-04   5.70077e-02   1.85777e-05 
  3.48977e-03   7.25974e-02  -5.19937e-03  -1.00445e-02  -5.21703e-04   7.25974e-02  -2.24079e-05 
 -4.25147e-03  -8.15838e-02   3.76526e-03   2.62485e-02   5.66520e-04  -8.15838e-02   6.70373e-05 
  8.83842e-03   6.21318e-02  -7.13639e-03  -7.18374e-03  -4.38801e-04   6.21318e-02  -1.40049e-05 
  5.88799e-03   1.97221e-05  -2.17097e-03  -7.77520e-04   2.45468e-05   1.97221e-05   2.61070e-06 
 -1.98798e-04  -1.17282e-02   4.20624e-03  -7.92305e-03   8.79112e-05  -1.17282e-02  -1.98521e-05 
 -1.42236e-03  -2.42930e-02   3.12101e-03   7.28676e-03   1.56606e-04  -2.42930e-02   1.57207e-05 
  9.86805e-03  -1.70486e-02  -2.58004e-03   6.12080e-02  -2.17394e-04  -1.70486e-02   1.65297e-04 
 -6.54205e-03   7.25058e-03  -2.66099e-03   2.03178e-02  -1.58846e-04   7.25058e-03   4.75547e-05 
 -5.85151e-03   4.45944e-03   2.02901e-03  -1.93091e-02   9.48375e-05   4.45944e-03  -5.81281e-05 
  5.77718e-03  -9.04564e-03   1.37618e-03  -5.85324e-03   6.02530e-05  -9.04564e-03  -6.76397e-06 
  4.95796e-03   2.36704e-02  -3.93821e-05  -8.38368e-03  -1.71994e-04   2.36704e-02  -1.65924e-05 
  5.17867e-03   4.32851e-03   1.10306e-03  -1.85754e-03  -7.53257e-05   4.32851e-03   2.54136e-06 
  1.47287e-03   1.89418e-02   2.14532e-03  -5.10172e-03  -1.49743e-04   1.89418e-02  -1.33414e-05 
 -2.20206e-03  -2.29109e-02  -5.83484e-03   1.25034e-03   2.34122e-04  -2.29109e-02   3.20497e-06 
  1.27388e-03   3.39060e-03   3.76045e-05  -1.89012e-03  -1.86049e-05   3.39060e-03  -2.95185e-06 
 -1.17823e-02  -2.03505e-02  -1.93535e-03   1.74200e-03   2.26862e-04  -2.03505e-02  -1.07515e-05 
  7.44701e-03   1.72353e-02  -7.02715e-04  -4.23688e-03  -1.52243e-04   1.72353e-02  -1.56675e-06 
 -1.50146e-03   1.26655e-02   2.54575e-03   1.26988e-03  -1.15450e-04   1.26655e-02   6.21767e-07 
  1.78326e-03  -2.11205e-02  -2.17469e-03  -1.35651e-03   1.90123e-04  -2.11205e-02  -2.50816e-06 
 -1.41716e-03  -2.90066e-02   7.82564e-04   4.48109e-04   2.37689e-04  -2.90066e-02  -2.06617e-06 
  6.69544e-03  -8.84713e-03  -1.73407e-03  -4.97973e-03   7.38970e-05  -8.84713e-03  -1.88053e-06 
  4.31691e-03   2.48452e-03  -5.68254e-04   1.84564e-05  -3.11373e-05   2.48452e-03   5.51611e-06 
  1.17877e-03  -1.40863e-02   4.14200e-04   1.56313e-03   9.97381e-05  -1.40863e-02   5.32143e-06 
  7.84584e-05  -7.26711e-03  -2.84595e-04   1.46330e-05   6.17650e-05  -7.26711e-03   4.07591e-07 
  1.68817e-03  -2.84520e-02   1.54136e-04   2.03264e-03   2.17792e-04  -2.84520e-02   7.88644e-06 
 -1.80697e-03   1.65178e-02  -3.35634e-04  -4.31859e-05  -1.31277e-04   1.65178e-02  -2.18429e-06 
 -9.62932e-04   2.50915e-02  -1.15438e-03  -3.67208e-03  -1.83720e-04   2.50915e-02  -9.48113e-06 
 -2.18435e-04  -7.88158e-03   1.32591e-03   8.71282e-03   1.22632e-05  -7.88158e-03   2.21982e-05 
 -1.00828e-03  -1.24428e-02  -4.23920e-04  -5.34549e-04   1.11886e-04  -1.24428e-02  -1.49129e-06 
 -6.75814e-04   2.27936e-03  -1.76768e-03  -1.46715e-03  -7.23697e-07   2.27936e-03  -3.47125e-06 
 -1.93069e-04   4.80388e-03  -4.29573e-04  -1.04621e-03  -3.35292e-05   4.80388e-03  -1.28902e-06 
  7.24415e-04  -8.70963e-03   1.20372e-04   2.80092e-03   5.51414e-05  -8.70963e-03   9.22976e-06 
  1.92401e-03  -1.84079e-02   1.33534e-04   7.42647e-04   1.40049e-04  -1.84079e-02   4.36957e-06 
 -1.11224e-03   1.02269e-02  -5.12960e-04   8.65605e-04  -8.33122e-05   1.02269e-02  -5.15413e-08 
  1.03566e-03  -1.98843e-03   7.65671e-04   1.86185e-03  -1.84495e-06  -1.98843e-03   6.10745e-06 
 -4.89171e-04  -1.51038e-02   3.24207e-04   2.52973e-03   1.14097e-04  -1.51038e-02   4.51885e-06 
 -1.29896e-04   2.01333e-03   5.57443e-04   6.53830e-05  -1.91461e-05   2.01333e-03  -1.31937e-06 
  5.14670e-04   7.79739e-04   1.34861e-03  -2.28566e-03  -1.48282e-06   7.79739e-04  -4.83112e-06 
  2.59407e-05   3.99501e-04   6.94414e-04   1.23048e-03  -1.36145e-05   3.99501e-04   2.06107e-06 
 -3.06892e-04   5.30903e-03  -1.06829e-03  -2.91190e-05  -3.90418e-05   5.30903e-03   1.95171e-06 
 -4.83397e-04  -2.69308e-03  -5.56915e-04  -9.86916e-04   3.17002e-05  -2.69308e-03  -1.37317e-06 
 -4.62539e-04   7.56846e-03  -6.90756e-04  -1.30917e-04  -5.78871e-05   7.56846e-03   1.34810e-06 
  2.23965e-04   2.01091e-03   5.07925e-04   3.09305e-04  -2.29398e-05   2.01091e-03  -2.31527e-06 
 -2.35528e-04  -3.24266e-03  -1.07503e-03  -6.74589e-04   3.63168e-05  -3.24266e-03   3.80567e-07 
  1.45695e-04   6.16711e-04   1.28947e-04  -3.56275e-04  -4.25431e-06   6.16711e-04  -2.50490e-06 
  4.49441e-04   3.32659e-03   8.09520e-04   8.03896e-04  -3.77807e-05   3.32659e-03   7.64274e-07 
  1.08272e-03   6.46046e-03   1.37110e-03   3.56785e-04  -6.65300e-05   6.46046e-03  -2.22638e-06 
  5.09507e-04  -7.12539e-04   1.08184e-03   2.06956e-03  -1.17265e-05  -7.12539e-04   6.95558e-06 
 -3.74261e-04   1.00574e-03  -9.26082e-04  -8.45067e-04   1.49378e-06   1.00574e-03  -1.70882e-06 
 -4.81595e-04   9.94203e-04  -1.49522e-03  -9.97434e-04   4.87060e-06   9.94203e-04  -1.94717e-06 
  1.47903e-04   4.58026e-03   1.13848e-03  -1.20410e-04  -4.30772e-05   4.58026e-03  -1.84687e-06 
 -3.68943e-04  -1.91445e-03  -1.22769e-03  -4.34560e-04   2.42297e-05  -1.91445e-03   5.92198e-07 
  5.80953e-04  -1.31446e-03   1.23203e-03  -4.29727e-04   6.16454e-06  -1.31446e-03  -2.10028e-06 
 -3.39467e-05   2.42266e-03   2.54901e-04   1.26090e-04  -2.15913e-05   2.42266e-03  -1.22735e-06 
 -1.64700e-04   1.84666e-04  -5.13465e-04   1.58630e-03  -8.08266e-06   1.84666e-04   5.69010e-06 
 -4.66796e-05  -2.83352e-04  -5.86640e-05   5.70027e-04  -6.35405e-07  -2.83352e-04   2.40052e-06 
 -1.98033e-04   8.97259e-04  -8.30492e-04   9.63344e-04  -8.55410e-06   8.97259e-04   2.54958e-06 
 -4.46435e-05   6.07120e-04   5.71859e-05  -9.16185e-05  -4.36070e-06   6.07120e-04  -8.04926e-07 
  1.13298e-04   2.63619e-03   6.94111e-04   9.78673e-05  -2.57196e-05   2.63619e-03  -3.12084e-07 
  1.97681e-05  -7.94541e-05   7.00506e-04  -2.32825e-04  -6.73971e-07  -7.94541e-05  -8.54890e-07 
  9.98213e-05  -1.10101e-03  -4.46482e-04  -1.51166e-04   1.14110e-05  -1.10101e-03   3.55646e-08 
 -8.80352e-05   1.01196e-03  -7.28288e-04   1.58985e-04  -6.77245e-06   1.01196e-03  -3.65070e-07 
  2.91611e-04   1.67083e-03   1.48187e-03   4.61904e-04  -2.42719e-05   1.67083e-03   4.63704e-07 
 -1.13242e-04  -3.76797e-04   6.45437e-05  -1.27586e-04   4.46611e-06  -3.76797e-04  -9.55628e-07 
  1.40062e-04   4.67087e-04   6.03177e-04  -3.12147e-04  -4.54718e-06   4.67087e-04  -7.15675e-07 
 -1.31042e-04   1.42039e-03  -5.69642e-04   3.83121e-04  -1.18479e-05   1.42039e-03   1.09668e-06 
