 -2.93930e-02   5.04423e-02   2.49953e-02  -3.66708e-02  -6.64488e-04   5.04423e-02  -1.11527e-04 
  7.28802e-01  -1.55740e+00  -6.99093e-01   9.26480e-01   2.04321e-02  -1.55740e+00   2.80524e-03 
 -1.27372e-02  -1.30457e-02   4.77849e-03  -1.09408e-02   8.73730e-05  -1.30457e-02  -3.44398e-05 
 -7.02538e-02   2.02624e-01   9.56702e-02  -9.73339e-02  -2.88416e-03   2.02624e-01  -2.92804e-04 
  3.39017e-02  -2.58598e-03  -5.91204e-02   4.26736e-02   8.01201e-04  -2.58598e-03   1.33538e-04 
 -4.83394e-02   2.28205e-02   7.15486e-02  -6.73084e-02  -1.02433e-03   2.28205e-02  -2.09849e-04 
 -1.68862e-01   8.42920e-01   1.33734e-01  -3.44967e-01  -7.38284e-03   8.42920e-01  -1.03702e-03 
 -3.64159e-03  -2.29437e-01  -3.58518e-03   2.22187e-02   2.00269e-03  -2.29437e-01   5.40493e-05 
  4.95719e-02   2.97553e-02  -3.90812e-02   7.84375e-02  -2.22247e-04   2.97553e-02   2.52799e-04 
 -3.21247e-02  -1.83227e-01   1.62791e-02  -2.52683e-02   1.67938e-03  -1.83227e-01  -9.95881e-05 
 -2.27218e-02  -1.17275e-01   3.71297e-03  -2.50147e-02   1.32883e-03  -1.17275e-01  -9.81124e-05 
 -1.31103e-02   1.26110e-01  -6.55038e-03  -5.24169e-02  -5.47587e-04   1.26110e-01  -1.66387e-04 
 -4.17725e-03   7.61194e-02  -1.28974e-02  -2.40258e-02  -3.18278e-04   7.61194e-02  -6.61728e-05 
  3.98734e-03   1.77600e-01  -1.34657e-02  -3.33328e-02  -1.20361e-03   1.77600e-01  -8.85656e-05 
  4.44399e-03   5.46575e-02  -1.90595e-03  -2.65928e-03  -4.64839e-04   5.46575e-02  -3.94531e-06 
  4.89595e-04  -2.69174e-02   2.82577e-03   1.14833e-02   1.36906e-04  -2.69174e-02   3.07099e-05 
  5.88097e-03   7.84617e-02   7.51779e-04   1.62534e-02  -7.86517e-04   7.84617e-02   4.53026e-05 
  7.20053e-03   4.72449e-02  -2.59858e-03   1.39831e-02  -5.00896e-04   4.72449e-02   4.29780e-05 
  9.02360e-03   4.41735e-02  -3.03499e-03   8.66527e-04  -4.07903e-04   4.41735e-02   1.01854e-05 
  6.22182e-03   1.96066e-02  -3.42501e-03   7.84079e-03  -2.19457e-04   1.96066e-02   2.69673e-05 
  2.26736e-03   2.18450e-02  -1.11122e-03  -7.81103e-04  -1.83209e-04   2.18450e-02  -7.37750e-08 
  5.87846e-03   2.71433e-02  -1.51228e-03  -1.71251e-03  -2.39108e-04   2.71433e-02  -1.17378e-07 
 -1.06035e-02  -1.30582e-01   6.76680e-03   2.19074e-02   1.00799e-03  -1.30582e-01   4.88148e-05 
  6.06195e-03   2.58170e-02  -2.33312e-03   6.06830e-03  -2.68348e-04   2.58170e-02   2.12415e-05 
 -1.25130e-02   2.66941e-02  -2.88012e-03  -2.30898e-02  -1.36782e-05   2.66941e-02  -7.08989e-05 
  9.94947e-04   1.35165e-02   1.61436e-04  -3.28316e-03  -1.10812e-04   1.35165e-02  -7.93195e-06 
 -2.22015e-03  -2.77899e-02  -2.89741e-03   4.57115e-02   5.14214e-06  -2.77899e-02   1.17556e-04 
 -4.40183e-04   7.86982e-03  -2.45843e-03  -1.78852e-02   5.79493e-05   7.86982e-03  -4.50765e-05 
 -4.10621e-03   2.29596e-03   1.62104e-03  -3.17708e-02   1.67902e-04   2.29596e-03  -8.43817e-05 
 -5.63908e-03   5.74195e-03  -1.94393e-03   3.82830e-03  -2.51892e-05   5.74195e-03   2.11921e-06 
 -2.60195e-03  -1.71358e-03  -4.14955e-04   1.87766e-04   2.90089e-05  -1.71358e-03  -3.25141e-06 
 -2.68081e-03   8.33284e-03  -1.53716e-03  -2.87773e-03  -3.17369e-05   8.33284e-03  -1.09092e-05 
  1.71171e-03   4.47129e-05  -1.00367e-03   2.56875e-03  -1.86218e-05   4.47129e-05   8.36874e-06 
 -2.07817e-03  -1.90024e-02  -2.43665e-03   3.70801e-03   1.62674e-04  -1.90024e-02   6.39612e-06 
 -4.49618e-03   5.65436e-03   1.93295e-03  -1.49933e-03  -3.32985e-05   5.65436e-03  -1.02499e-05 
  1.19195e-03  -9.50763e-03   7.60535e-04   8.48710e-04   5.99486e-05  -9.50763e-03   4.98483e-06 
  1.70341e-03  -7.93240e-03   2.18572e-04  -1.06131e-04   4.83482e-05  -7.93240e-03   3.97069e-06 
  2.72090e-03   1.42731e-02   1.39926e-03   1.68314e-03  -1.42694e-04   1.42731e-02   6.71073e-06 
 -4.09293e-03  -1.25048e-02  -1.60999e-03  -7.51413e-04   1.35988e-04  -1.25048e-02  -9.34803e-06 
 -1.70677e-03  -7.10294e-03  -1.87187e-05  -9.07639e-04   6.56358e-05  -7.10294e-03  -4.58408e-06 
 -1.28029e-03  -2.44119e-04  -9.71692e-05   2.01294e-03   1.12527e-05  -2.44119e-04   2.73394e-06 
  2.70472e-03  -6.64243e-03  -4.26061e-04  -1.43878e-03   4.74285e-05  -6.64243e-03  -7.52543e-07 
 -2.13321e-03   2.28017e-03   8.00230e-04  -1.89474e-04  -1.73029e-05   2.28017e-03  -2.64303e-06 
  1.14882e-03   6.98608e-03  -1.53659e-04  -3.82325e-04  -6.58322e-05   6.98608e-03   2.04934e-06 
  2.54916e-03  -2.06357e-03  -8.56882e-04  -2.58868e-03   2.50674e-05  -2.06357e-03  -2.95108e-06 
 -3.62294e-03   3.97296e-03   9.53657e-04   3.21720e-04  -2.83682e-05   3.97296e-03  -3.53069e-06 
 -6.31341e-04   5.59170e-03  -5.45697e-04  -1.05185e-03  -3.55580e-05   5.59170e-03  -2.27577e-06 
  6.70369e-05   6.42965e-03  -8.35065e-04   4.76876e-04  -5.17414e-05   6.42965e-03   2.92233e-06 
 -2.31290e-04   8.04060e-03  -5.53334e-04   1.83833e-03  -7.47723e-05   8.04060e-03   6.26282e-06 
 -1.84124e-04   4.03004e-03   1.44740e-04  -1.90039e-03  -2.48428e-05   4.03004e-03  -4.30792e-06 
 -1.05613e-03  -2.25580e-03  -1.31464e-04  -1.28401e-03   2.86380e-05  -2.25580e-03  -4.26246e-06 
  2.47970e-04  -4.43795e-04  -9.25293e-05  -1.52251e-04   5.67883e-06  -4.43795e-04   1.80669e-07 
  4.82890e-04  -4.65867e-04   3.14462e-04  -8.62129e-04   5.76935e-06  -4.65867e-04  -2.41326e-06 
  1.35768e-05   3.68649e-03  -5.93380e-04   1.00657e-05  -2.86564e-05   3.68649e-03   6.72129e-07 
  1.49354e-04   4.96340e-03  -1.15416e-04  -2.93512e-04  -3.96817e-05   4.96340e-03  -4.51585e-07 
 -4.24525e-05   6.03348e-03  -2.19207e-04  -3.52905e-04  -4.68630e-05   6.03348e-03  -9.87193e-07 
  3.35315e-04  -7.55101e-03   4.94616e-04   2.09411e-04   5.73978e-05  -7.55101e-03   1.92750e-06 
  7.67619e-04   5.07392e-03   9.62485e-04   4.71264e-04  -4.96612e-05   5.07392e-03   4.65796e-07 
 -3.39518e-04   1.09208e-02  -1.10578e-03  -4.10318e-04  -8.48454e-05   1.09208e-02  -3.42006e-07 
  4.74793e-04   1.50034e-03   4.02224e-04   2.35177e-03  -2.85587e-05   1.50034e-03   5.26612e-06 
  1.07440e-03  -1.61882e-03   8.39039e-04   1.11540e-03   2.14625e-06  -1.61882e-03   2.25440e-06 
  1.02652e-04   7.56674e-04   8.72591e-04  -3.04784e-04  -9.68204e-06   7.56674e-04  -3.98227e-06 
 -6.15471e-04   3.36285e-03  -2.04494e-04  -5.74828e-04  -2.23976e-05   3.36285e-03  -2.85242e-06 
