 -3.56730e-02   7.67709e-02   2.73416e-02  -4.72272e-02  -8.72894e-04   7.67709e-02  -1.44257e-04 
  1.46554e+00  -3.61869e+00  -1.34987e+00   1.95461e+00   4.36387e-02  -3.61869e+00   5.88435e-03 
 -4.70194e-02   1.26042e-01   2.22174e-02  -6.62224e-02  -1.12436e-03   1.26042e-01  -2.01507e-04 
 -1.98983e-01   3.58138e-01   2.53539e-01  -2.28626e-01  -6.16487e-03   3.58138e-01  -6.87630e-04 
  2.82768e-01   3.75560e-01  -4.12581e-01   2.12397e-01   2.74708e-03   3.75560e-01   7.03231e-04 
 -4.94677e-02   8.43886e-02   4.73591e-02  -6.89796e-02  -1.10011e-03   8.43886e-02  -2.11380e-04 
 -2.68010e-01  -2.15478e-01   3.20367e-01  -2.78376e-01  -2.05869e-03  -2.15478e-01  -9.11643e-04 
  2.03302e-01  -1.50539e+00  -1.31993e-01   4.52193e-01   1.23058e-02  -1.50539e+00   1.30117e-03 
 -6.06977e-02   1.98304e-01   2.40852e-02  -1.10554e-01  -1.34628e-03   1.98304e-01  -3.21959e-04 
 -3.49180e-02   2.05756e-01   1.89499e-02  -8.00053e-02  -1.52627e-03   2.05756e-01  -2.29268e-04 
  1.27331e-02   2.59328e-02  -6.58579e-04   1.54247e-02  -3.62291e-04   2.59328e-02   4.44974e-05 
 -6.63129e-03  -2.56318e-01  -9.96642e-03   1.55146e-02   2.40527e-03  -2.56318e-01   4.67785e-05 
 -1.25417e-01   3.68769e-01   6.09732e-02  -2.57793e-01  -2.21427e-03   3.68769e-01  -7.88125e-04 
 -1.39462e-01   1.48621e+00   3.57361e-02  -5.00176e-01  -1.00045e-02   1.48621e+00  -1.48539e-03 
 -6.29037e-02   4.38920e-01   2.90697e-02  -1.82436e-01  -3.00873e-03   4.38920e-01  -5.41800e-04 
 -3.79246e-02  -6.00414e-01   9.44873e-02   1.14673e-01   2.63493e-03  -6.00414e-01   3.32047e-04 
  1.05031e-01  -5.81210e-01  -1.06174e-01   2.13242e-01   5.51978e-03  -5.81210e-01   6.21374e-04 
  1.20618e-02  -2.19289e-01  -2.43499e-02   3.05585e-02   2.27402e-03  -2.19289e-01   7.56581e-05 
 -9.00928e-02  -4.82981e-01   3.41569e-02  -1.14304e-01   4.89252e-03  -4.82981e-01  -3.84661e-04 
 -2.14617e-02   5.82505e-01  -1.52628e-02  -1.60776e-01  -3.87428e-03   5.82505e-01  -4.74122e-04 
  6.60645e-03   2.33357e-01   3.52624e-03  -1.04342e-02  -2.10390e-03   2.33357e-01  -1.87743e-05 
  2.61290e-03  -3.29382e-02   5.25114e-03   1.86475e-02   5.38894e-05  -3.29382e-02   5.93981e-05 
  1.56853e-02   1.84352e-01  -1.86005e-02  -2.66952e-02  -1.25571e-03   1.84352e-01  -6.42417e-05 
 -3.76941e-02  -3.57011e-01   2.97454e-02   2.26108e-02   2.66661e-03  -3.57011e-01   4.04217e-05 
 -1.61847e-02  -2.13813e-01   7.89298e-03  -5.98981e-03   2.05884e-03  -2.13813e-01  -3.20424e-05 
  6.80169e-02   1.41334e-01  -4.82165e-02   9.76485e-02  -1.63935e-03   1.41334e-01   3.12064e-04 
  4.50998e-03   1.22932e-01  -1.24187e-02  -1.18849e-02  -9.09104e-04   1.22932e-01  -2.84758e-05 
 -3.62942e-02  -1.19474e-01   1.89715e-02  -7.13537e-02   1.59628e-03  -1.19474e-01  -2.20718e-04 
 -8.12207e-03  -6.13877e-02   2.16890e-02  -6.49257e-04   3.53048e-04  -6.13877e-02  -9.48157e-06 
 -9.58135e-03   1.41560e-01   1.95663e-02  -1.16755e-01  -7.43307e-04   1.41560e-01  -3.21031e-04 
  1.04304e-02   1.40658e-01  -1.35500e-02  -4.38502e-02  -8.37748e-04   1.40658e-01  -1.06574e-04 
  2.45981e-02  -1.12324e-01  -1.37315e-02   1.25018e-01   1.80582e-04  -1.12324e-01   3.61199e-04 
 -3.61302e-03  -2.31996e-02   9.70542e-03  -1.60837e-02   1.74443e-04  -2.31996e-02  -4.40222e-05 
  1.41651e-03  -8.09421e-02  -7.50867e-03   4.23016e-02   5.39822e-04  -8.09421e-02   1.21613e-04 
 -4.77978e-02  -3.59439e-02   2.73670e-02  -8.57103e-02   7.54053e-04  -3.59439e-02  -2.71178e-04 
  4.82415e-03  -2.02284e-02   1.64072e-02  -7.71819e-02   4.33334e-04  -2.02284e-02  -2.06061e-04 
  1.89292e-02  -1.59425e-01  -1.47858e-02   5.82378e-02   1.15151e-03  -1.59425e-01   1.74579e-04 
  7.65764e-03   1.42622e-02  -3.79979e-03   1.78390e-02  -2.84745e-04   1.42622e-02   5.66596e-05 
  5.58118e-02   3.44339e-02  -1.39042e-02  -1.22222e-02  -3.71406e-04   3.44339e-02   1.75317e-05 
 -9.56053e-03   7.82666e-03  -2.08402e-03  -9.87145e-03  -8.42135e-07   7.82666e-03  -3.86141e-05 
 -8.69953e-04  -1.54557e-01  -4.99137e-03   2.68416e-02   1.17560e-03  -1.54557e-01   7.92583e-05 
  1.49572e-02  -1.50431e-01  -2.41348e-03   8.17951e-03   1.14887e-03  -1.50431e-01   4.21591e-05 
 -7.52123e-03   2.23296e-01   1.43119e-02   1.53348e-02  -1.98206e-03   2.23296e-01  -2.34345e-06 
  2.17973e-02  -1.62751e-01  -6.14052e-03  -2.05161e-05   1.30471e-03  -1.62751e-01   3.31230e-05 
 -1.75551e-02   1.59357e-01   1.39154e-02  -3.90596e-03  -1.31125e-03   1.59357e-01  -4.80723e-05 
 -1.28054e-02   8.28423e-02   4.98471e-03   1.47350e-03  -6.79604e-04   8.28423e-02  -1.50070e-05 
  3.40464e-03  -1.00053e-01  -5.73510e-03  -1.05475e-02   9.11434e-04  -1.00053e-01  -9.97997e-06 
 -1.28882e-02  -1.80795e-02   8.40169e-03   2.73292e-03   1.27182e-04  -1.80795e-02  -1.02909e-05 
  8.72840e-03   3.38653e-02  -1.96240e-03  -2.74794e-02  -1.71873e-04   3.38653e-02  -6.64893e-05 
  5.04944e-03   2.05951e-02  -4.39362e-04  -3.26474e-02  -3.71758e-05   2.05951e-02  -7.85999e-05 
  3.72190e-02   9.65951e-02  -1.39925e-02  -1.09915e-02  -7.84352e-04   9.65951e-02   1.69771e-05 
  1.36822e-02   5.37492e-02  -5.64993e-03  -1.29889e-02  -3.68471e-04   5.37492e-02  -1.82202e-05 
  1.33464e-02   1.73771e-02  -6.09773e-03   2.11334e-02  -2.76544e-04   1.73771e-02   7.68426e-05 
 -6.06404e-03   5.47553e-03  -1.23402e-03  -1.07256e-02   3.26902e-05   5.47553e-03  -3.67056e-05 
  4.38418e-03  -5.32524e-02  -1.03885e-02  -7.34678e-03   5.36763e-04  -5.32524e-02  -6.37514e-06 
  7.74834e-03  -5.90268e-02  -6.84647e-03   9.32321e-04   5.22889e-04  -5.90268e-02   1.99389e-05 
 -8.87439e-03  -2.01779e-02   5.91471e-04   2.71750e-03   1.79833e-04  -2.01779e-02  -1.03134e-05 
 -3.27308e-03   4.08196e-03   4.64830e-03   4.50122e-03  -7.65458e-05   4.08196e-03  -5.64361e-06 
 -5.55050e-04   2.09761e-02   1.10160e-02   5.90001e-03  -2.58596e-04   2.09761e-02   1.71376e-05 
 -7.46154e-03  -3.64068e-02   4.34235e-03   8.86753e-03   2.49450e-04  -3.64068e-02   1.47032e-05 
  5.61701e-04  -3.83231e-02   1.80529e-03  -1.68112e-02   4.12799e-04  -3.83231e-02  -3.52424e-05 
 -3.03715e-03  -4.32702e-02  -6.82106e-04   1.66428e-02   2.73988e-04  -4.32702e-02   4.14204e-05 
 -6.27534e-03  -4.73365e-02   3.12213e-03  -1.72379e-03   4.01378e-04  -4.73365e-02  -8.95306e-06 
  2.73749e-03   1.15159e-02  -4.09203e-03   5.06591e-03  -1.21149e-04   1.15159e-02   1.69677e-05 
  9.59563e-04   4.24779e-02  -3.03046e-04   1.19769e-02  -4.29833e-04   4.24779e-02   2.21139e-05 
  3.85047e-03   4.49973e-03   5.27307e-04   9.38192e-03  -9.91220e-05   4.49973e-03   2.86030e-05 
 -2.50530e-03   6.94925e-04  -2.68667e-04  -5.71816e-04   4.76138e-06   6.94925e-04   7.80148e-07 
  1.48885e-03  -1.06467e-02   1.57942e-03  -5.80558e-04   8.23983e-05  -1.06467e-02  -1.78499e-06 
  3.90333e-03  -7.76015e-03  -4.50707e-03   1.55034e-03   6.90505e-05  -7.76015e-03   9.31013e-06 
 -4.59948e-03   2.07876e-02  -1.93543e-03  -2.56937e-04  -1.60377e-04   2.07876e-02   7.50186e-07 
  2.52070e-03  -1.12745e-02   2.87928e-03  -4.23076e-03   1.00767e-04  -1.12745e-02  -8.26672e-06 
  3.03301e-03   7.66555e-03  -4.12675e-04   1.94768e-03  -7.88339e-05   7.66555e-03   1.06798e-05 
  2.49724e-03   3.47242e-03   1.72820e-03   2.73381e-03  -5.63534e-05   3.47242e-03   1.52405e-05 
 -8.94464e-04   1.21513e-02   8.49415e-03  -8.72602e-04  -1.42479e-04   1.21513e-02  -6.45899e-06 
 -4.56012e-04   1.39731e-03  -2.70067e-03   9.79608e-04  -5.17359e-06   1.39731e-03  -2.91443e-06 
 -2.05203e-03  -3.22611e-03  -6.04084e-04  -6.71903e-03   6.90576e-05  -3.22611e-03  -2.22029e-05 
 -8.12426e-03   1.35995e-02  -1.06552e-03   3.92287e-03  -1.21377e-04   1.35995e-02  -6.16205e-06 
  5.18605e-03  -1.90715e-02  -7.32928e-04  -1.18428e-02   2.29720e-04  -1.90715e-02  -2.22396e-05 
  1.35613e-03   4.56324e-03  -9.97242e-04  -3.61348e-03  -1.05331e-05   4.56324e-03   2.98207e-06 
 -8.14990e-04   7.54887e-03  -2.36243e-03  -6.28395e-04  -5.18117e-05   7.54887e-03   9.30642e-07 
  7.88349e-04  -1.14472e-02  -1.07180e-03   4.93386e-04   9.77303e-05  -1.14472e-02  -6.37575e-06 
 -1.20567e-03  -3.15282e-04  -1.29209e-03   1.64282e-03   2.28889e-06  -3.15282e-04   1.46748e-06 
  1.15020e-03  -3.43121e-03   6.13101e-04  -1.94414e-03   3.49292e-05  -3.43121e-03  -6.42921e-06 
  2.56506e-03  -8.94457e-03  -1.25139e-03  -2.98247e-03   9.32145e-05  -8.94457e-03  -8.72904e-06 
 -2.58305e-04   3.85391e-03   1.32995e-03   1.42711e-03  -4.68494e-05   3.85391e-03   5.65651e-06 
  7.29789e-05  -2.34586e-03   4.67515e-03  -5.97689e-04  -8.73844e-08  -2.34586e-03  -5.11415e-06 
  4.36756e-04  -4.58516e-03  -1.34192e-03   1.40987e-03   3.46159e-05  -4.58516e-03   3.43701e-06 
 -6.05080e-04   3.51459e-03  -2.86641e-04  -1.33681e-05  -2.79506e-05   3.51459e-03   1.29405e-06 
  2.41074e-03  -6.43637e-04   1.01299e-03  -1.88243e-03   8.22573e-06  -6.43637e-04  -3.34299e-07 
 -8.53437e-04  -5.55210e-03  -2.02411e-03  -1.11836e-03   6.43432e-05  -5.55210e-03  -3.53126e-06 
  2.94081e-03  -2.52316e-03   2.73285e-03  -1.40756e-03   1.29314e-05  -2.52316e-03   1.31341e-06 
  6.92087e-04  -4.74786e-03   3.13995e-03  -4.85473e-04   2.76460e-05  -4.74786e-03  -6.15295e-06 
 -1.78258e-03  -1.40509e-03   2.52011e-03   8.10233e-04  -1.08940e-06  -1.40509e-03  -1.66585e-06 
 -6.98998e-04   3.92572e-04  -2.85052e-03   2.72518e-03  -4.90060e-06   3.92572e-04   9.63337e-06 
  1.03078e-04  -5.17829e-04  -6.95429e-04  -1.52337e-03   1.83902e-05  -5.17829e-04   2.21225e-06 
  6.95687e-04  -8.82126e-04   2.13810e-03  -2.16994e-03   1.07886e-05  -8.82126e-04  -5.17334e-06 
  1.47470e-03  -3.46125e-03   6.12961e-03  -7.56821e-04   4.68889e-06  -3.46125e-03  -3.77289e-07 
  1.60215e-04  -1.62667e-03  -2.13353e-04   7.12124e-05   1.36347e-05  -1.62667e-03   9.59234e-07 
  1.15203e-03  -1.09431e-03   8.65126e-03  -1.27232e-03  -2.54707e-05  -1.09431e-03  -3.67590e-06 
 -1.96641e-04   1.99247e-03  -3.22580e-04  -2.17025e-04  -1.31953e-05   1.99247e-03  -2.50114e-06 
 -2.47909e-03   4.78814e-03  -6.46260e-03   1.11605e-03  -1.53641e-05   4.78814e-03   2.65527e-06 
 -2.93353e-04  -4.14911e-04   3.34193e-03   8.84052e-05  -1.10791e-05  -4.14911e-04   2.97700e-07 
 -1.60591e-03   2.02046e-03  -6.66246e-03   1.49487e-03   7.05920e-06   2.02046e-03  -3.60362e-07 
 -6.24476e-04  -1.47389e-03   3.30641e-03  -9.93595e-04   4.65845e-06  -1.47389e-03  -4.73599e-06 
  3.54398e-04   9.84978e-04  -1.45935e-03   9.82944e-04  -8.75643e-06   9.84978e-04   4.71605e-06 
  1.42439e-03   9.63999e-04  -3.66133e-03  -6.56815e-04   1.14707e-05   9.63999e-04   4.19494e-06 
 -2.97441e-03   3.70419e-03  -7.05635e-03   1.55625e-03  -4.77590e-06   3.70419e-03   4.07891e-07 
  6.53828e-04  -1.25096e-03  -2.04505e-03  -9.77982e-04   2.65425e-05  -1.25096e-03  -1.48153e-06 
 -2.56000e-04   1.40838e-03  -1.52098e-03  -1.63797e-03   5.61720e-06   1.40838e-03  -1.47957e-06 
 -1.61038e-03   1.28459e-03  -3.82965e-03   7.69686e-04   4.12120e-06   1.28459e-03  -1.23418e-06 
 -1.40959e-03   3.91902e-03  -6.17574e-03  -4.07118e-04  -2.01216e-06   3.91902e-03   1.57578e-06 
  1.41108e-03  -1.14514e-03  -2.81472e-04  -9.89231e-04   1.50355e-05  -1.14514e-03  -5.76059e-07 
  1.07992e-03  -2.51018e-03   6.95697e-03   6.27610e-04  -1.52826e-05  -2.51018e-03  -2.37975e-06 
 -3.01397e-03   7.02780e-03  -1.06915e-02   5.00011e-04  -1.08304e-05   7.02780e-03   5.77182e-06 
 -1.20537e-03   3.37688e-03  -5.05699e-03  -1.68771e-04  -3.61485e-06   3.37688e-03   4.31413e-06 
 -8.46488e-04   8.36398e-04   1.03576e-04   4.62897e-04  -8.41917e-06   8.36398e-04  -8.17998e-07 
  2.21849e-03  -3.95031e-03   8.14153e-03   5.12179e-05  -6.62202e-06  -3.95031e-03  -6.26662e-06 
  9.70648e-04  -1.13260e-03   1.52550e-03  -3.93285e-04   2.02200e-06  -1.13260e-03   3.02110e-06 
 -7.93977e-05  -7.16848e-04   1.16315e-03   5.03495e-04  -2.47125e-06  -7.16848e-04  -2.05027e-06 
 -2.08394e-04  -2.29989e-04  -1.64115e-03   4.46760e-04   7.20364e-06  -2.29989e-04   5.18233e-06 
 -1.00011e-04   8.41020e-04  -2.14191e-03  -1.59141e-04   4.33155e-06   8.41020e-04  -7.51575e-07 
  9.39703e-04  -2.29277e-03   1.71101e-03   6.10804e-04   7.51974e-06  -2.29277e-03   5.17465e-07 
  3.28756e-03  -7.73531e-03   1.18992e-02   2.46237e-04   6.82015e-06  -7.73531e-03  -8.22567e-06 
 -1.01346e-03   1.78382e-03  -2.90488e-03  -6.29278e-04   2.65228e-06   1.78382e-03  -1.01682e-06 
 -6.10372e-04   1.91964e-03  -3.93092e-03  -5.91984e-04   5.67068e-06   1.91964e-03   4.60139e-06 
  4.36272e-04  -1.14750e-03   1.20866e-03   1.69090e-04   2.90775e-06  -1.14750e-03   2.16018e-06 
  5.07407e-04  -5.50466e-04   9.06850e-04  -3.15259e-04   1.36227e-06  -5.50466e-04  -6.05452e-07 
 -1.46425e-03   3.37162e-03  -4.07914e-03  -5.16242e-04  -3.98813e-06   3.37162e-03   4.57497e-06 
  3.79354e-04  -2.95431e-04   4.27416e-04   3.37216e-05  -2.95411e-07  -2.95431e-04   6.21539e-07 
 -2.26003e-03   6.19785e-03  -1.11003e-02  -8.64011e-04   5.96530e-06   6.19785e-03   6.89814e-06 
 -1.23958e-03   1.89386e-03  -6.66548e-04   1.02332e-03  -1.69521e-05   1.89386e-03   1.31583e-06 
  6.99262e-04  -8.44412e-04   2.29635e-03   6.25280e-04  -7.46326e-06  -8.44412e-04  -7.58865e-07 
 -9.15343e-04   4.26210e-04  -6.32346e-04   6.91755e-04  -2.11764e-06   4.26210e-04  -1.30512e-07 
  1.07343e-03  -2.28766e-03   3.23006e-03  -5.92610e-05   2.71903e-06  -2.28766e-03  -1.25368e-06 
 -1.58770e-03   4.11740e-03  -3.67551e-03   2.31527e-04  -1.82659e-05   4.11740e-03   3.36617e-06 
  1.21989e-03  -2.79543e-03   8.90507e-04  -7.83849e-04   2.24826e-05  -2.79543e-03  -1.83470e-06 
 -3.25893e-05  -4.70631e-04   2.68503e-03   4.58003e-04  -1.10379e-05  -4.70631e-04  -5.65787e-06 
 -2.08699e-05   1.12360e-03  -8.28229e-04  -1.25593e-04  -5.89387e-06   1.12360e-03   2.86659e-06 
 -1.55979e-03   2.92923e-03  -1.79511e-03   8.11448e-04  -1.82022e-05   2.92923e-03   4.86201e-07 
 -1.76188e-03   4.01400e-03  -4.04297e-03  -4.29263e-05  -1.35503e-05   4.01400e-03   3.36012e-06 
 -9.24182e-04   2.51918e-03  -2.42377e-03   5.85841e-05  -1.01234e-05   2.51918e-03   3.20023e-06 
 -6.84339e-04   1.74267e-03  -3.34413e-03  -1.65075e-04   2.17406e-06   1.74267e-03   2.42886e-06 
 -7.42782e-04   1.94078e-03  -7.55153e-04   5.24960e-04  -1.52931e-05   1.94078e-03   1.68172e-06 
  7.32830e-04  -1.86867e-03   3.25362e-03   3.86986e-04  -2.07250e-06  -1.86867e-03  -4.62664e-06 
 -6.49671e-04   1.07759e-03  -4.72713e-04   3.05334e-04  -7.39615e-06   1.07759e-03   1.51152e-06 
  3.22149e-04  -1.69154e-03   1.61972e-03   3.86874e-04   5.19065e-06  -1.69154e-03  -6.89079e-06 
 -1.66873e-04   6.48917e-05  -1.01901e-03  -1.95930e-04   5.13160e-06   6.48917e-05  -1.75400e-06 
 -4.59188e-04   1.26711e-03  -2.51307e-04   3.39384e-05  -8.83359e-06   1.26711e-03   4.22536e-06 
 -6.86247e-04   1.17955e-03  -1.08504e-03   2.73895e-04  -5.46196e-06   1.17955e-03   3.60799e-07 
  8.60793e-04  -2.17028e-03   1.92025e-03  -1.24228e-04   9.67401e-06  -2.17028e-03  -2.54113e-06 
 -2.95588e-04   4.52774e-04  -4.65136e-04   3.87064e-04  -2.83899e-06   4.52774e-04  -4.80285e-07 
  1.20400e-04  -2.57079e-04   7.77360e-04   2.81786e-05  -1.02446e-06  -2.57079e-04   1.96880e-06 
  4.07438e-04  -1.42716e-03   9.97035e-04  -3.24489e-05   7.06734e-06  -1.42716e-03  -1.86264e-06 
  7.71335e-04  -1.76240e-03   2.45276e-03   5.15235e-06   2.92542e-06  -1.76240e-03   7.80218e-07 
  2.03150e-04  -2.64471e-04   3.51680e-04   2.26019e-05  -3.03595e-08  -2.64471e-04   1.38021e-06 
 -1.25319e-04  -1.96649e-04   5.16133e-04   3.42844e-04  -2.96274e-06  -1.96649e-04  -3.00293e-06 
  1.31528e-04  -1.07347e-04  -4.52731e-04  -5.69984e-05   2.86601e-06  -1.07347e-04   1.26326e-06 
 -6.76343e-05  -2.24139e-04   4.96681e-04   4.25288e-04  -2.29119e-06  -2.24139e-04   4.17276e-06 
  7.63172e-04  -2.10373e-03   1.65525e-03  -5.95800e-05   9.30318e-06  -2.10373e-03   2.29330e-06 
 -3.86143e-05  -9.90130e-05  -3.26607e-04  -6.51904e-05   2.64284e-06  -9.90130e-05   4.35629e-08 
  7.29208e-04  -6.91530e-04   1.26001e-03  -4.59287e-04   2.13054e-06  -6.91530e-04  -1.39222e-07 
