 -2.88567e-02   4.87800e-02   2.44411e-02  -3.60968e-02  -6.43215e-04   4.87800e-02  -1.09816e-04 
  7.29549e-01  -1.56791e+00  -7.00044e-01   9.27011e-01   2.05422e-02  -1.56791e+00   2.80650e-03 
 -1.55705e-02  -8.60088e-03   7.37607e-03  -1.47097e-02   2.59089e-05  -8.60088e-03  -4.59198e-05 
 -7.07257e-02   2.03577e-01   9.59539e-02  -9.72486e-02  -2.89963e-03   2.03577e-01  -2.92468e-04 
  4.33047e-02   4.31701e-04  -7.10077e-02   5.63345e-02   8.91233e-04   4.31701e-04   1.76224e-04 
 -4.44926e-02   1.66370e-02   6.29271e-02  -6.25188e-02  -8.45291e-04   1.66370e-02  -1.94837e-04 
 -1.66960e-01   8.52584e-01   1.33476e-01  -3.41755e-01  -7.49640e-03   8.52584e-01  -1.02605e-03 
  6.13438e-03  -2.42028e-01  -1.17844e-02   3.94627e-02   2.12363e-03  -2.42028e-01   1.08445e-04 
  5.74967e-02   3.46062e-02  -4.31715e-02   9.19643e-02  -3.01772e-04   3.46062e-02   2.95472e-04 
 -3.42507e-02  -1.76151e-01   1.71468e-02  -3.07287e-02   1.64275e-03  -1.76151e-01  -1.16022e-04 
 -2.36239e-02  -1.18336e-01   3.23014e-03  -2.70123e-02   1.36172e-03  -1.18336e-01  -1.03846e-04 
 -1.22163e-02   1.27652e-01  -5.09009e-03  -5.22771e-02  -5.86721e-04   1.27652e-01  -1.65975e-04 
 -6.70575e-03   6.16702e-02  -1.11041e-02  -2.41992e-02  -1.93585e-04   6.16702e-02  -6.97182e-05 
  1.91712e-03   1.88923e-01  -1.55355e-02  -4.05852e-02  -1.22493e-03   1.88923e-01  -1.09005e-04 
  5.00285e-03   6.18377e-02  -3.34712e-03  -4.10650e-03  -5.03271e-04   6.18377e-02  -7.38990e-06 
  5.51941e-04  -3.11036e-02   2.62281e-03   1.30646e-02   1.68973e-04  -3.11036e-02   3.49281e-05 
  7.60164e-03   8.65254e-02   5.05067e-04   1.95559e-02  -8.79963e-04   8.65254e-02   5.50901e-05 
  5.36485e-03   2.73686e-02  -2.59041e-03   6.91430e-03  -2.88343e-04   2.73686e-02   2.32153e-05 
 -5.11060e-03  -3.65259e-02   1.49754e-04   7.33598e-04   3.43332e-04  -3.65259e-02  -2.18218e-06 
 -8.31899e-03  -2.33549e-02   3.94879e-03  -4.33949e-03   2.39182e-04  -2.33549e-02  -1.92055e-05 
  5.54451e-03   3.64691e-02  -1.87437e-03   6.97827e-03  -3.69357e-04   3.64691e-02   2.34378e-05 
  6.43845e-03   3.42113e-02  -1.83432e-03  -3.89696e-03  -2.88482e-04   3.42113e-02  -5.47767e-06 
 -5.80093e-03  -1.21790e-01   2.76571e-03   2.34547e-02   9.63800e-04  -1.21790e-01   5.65632e-05 
 -5.54431e-03  -3.56418e-02   2.01897e-03   6.48499e-04   3.22132e-04  -3.56418e-02  -3.36030e-06 
 -3.01728e-03  -7.63230e-02   9.36290e-03   1.39451e-02   4.68830e-04  -7.63230e-02   3.47893e-05 
  1.52099e-02   8.88792e-03  -2.43496e-03   1.47165e-02  -1.92373e-04   8.88792e-03   5.05842e-05 
  3.36508e-03   1.97283e-02  -6.18072e-04  -5.37227e-03  -1.47400e-04   1.97283e-02  -1.18793e-05 
 -7.01614e-04  -2.62076e-02  -1.39302e-03   3.45593e-02   4.20293e-05  -2.62076e-02   9.08533e-05 
  1.87946e-03  -8.77677e-04  -3.65238e-03   2.66362e-02  -1.28234e-04  -8.77677e-04   7.05370e-05 
  2.23164e-03  -1.37089e-02  -4.12586e-04   4.63021e-02  -1.53814e-04  -1.37089e-02   1.19570e-04 
 -8.87979e-03   2.67968e-03  -1.65357e-03  -2.58498e-03   3.80360e-05   2.67968e-03  -1.58480e-05 
 -2.67960e-03   3.61208e-03  -1.54562e-03   8.25374e-05  -1.40984e-05   3.61208e-03  -2.99636e-06 
 -1.75504e-03   8.14235e-03  -3.12617e-04  -5.94006e-03  -2.67714e-05   8.14235e-03  -1.69652e-05 
 -2.92806e-03  -3.97908e-03   1.13387e-03  -3.17374e-03   6.03276e-05  -3.97908e-03  -1.18979e-05 
 -5.03421e-03  -2.87882e-04  -6.90854e-04   2.20178e-03   2.46372e-05  -2.87882e-04  -2.55539e-06 
  3.80438e-04   2.02079e-02   3.23499e-03  -5.52878e-03  -1.58777e-04   2.02079e-02  -1.49382e-05 
 -2.17762e-03   1.10319e-02  -1.40560e-04  -1.59455e-03  -7.38657e-05   1.10319e-02  -7.62119e-06 
  5.14272e-03   1.43237e-02   1.24522e-03   1.13280e-03  -1.54327e-04   1.43237e-02   9.09511e-06 
  3.79364e-03   2.85268e-03   1.67527e-03   2.94417e-04  -5.81431e-05   2.85268e-03   8.08045e-06 
  3.25231e-03   2.31584e-02   2.46435e-03  -1.28042e-05  -2.22141e-04   2.31584e-02   4.19109e-06 
  4.82983e-03  -8.22694e-03  -1.62861e-03  -3.29091e-03   6.32628e-05  -8.22694e-03  -1.63917e-06 
  1.59680e-03  -8.94692e-03  -1.17664e-03  -1.76285e-03   8.04950e-05  -8.94692e-03  -2.00605e-06 
 -1.33609e-03  -2.30225e-03   4.96366e-04   6.14562e-04   1.96243e-05  -2.30225e-03  -1.28110e-06 
  2.40741e-03   3.11646e-03  -5.07323e-04  -2.11496e-03  -3.02104e-05   3.11646e-03  -1.03717e-06 
 -2.12352e-03  -3.03390e-03   7.06380e-04  -7.33843e-04   3.32723e-05  -3.03390e-03  -5.72704e-06 
  6.18286e-04   7.81634e-04  -3.17641e-04  -9.11916e-04  -3.71268e-06   7.81634e-04  -7.98852e-07 
 -1.69443e-03  -5.90371e-03   9.78903e-04   3.07282e-03   2.95806e-05  -5.90371e-03   4.82305e-06 
 -1.43970e-04  -6.94383e-04   1.52956e-04  -1.11901e-03   1.04977e-05  -6.94383e-04  -3.97684e-06 
  3.04677e-03  -1.03124e-02   7.99513e-04  -2.54488e-04   7.44462e-05  -1.03124e-02   4.90420e-07 
  6.83864e-04  -1.44084e-02   2.78493e-04  -2.23757e-03   1.31063e-04  -1.44084e-02  -6.67647e-06 
  1.59958e-03   1.51261e-03  -3.25487e-04   1.29983e-03  -1.89823e-05   1.51261e-03   5.08206e-06 
  4.87992e-04  -3.02055e-03  -3.32119e-04   1.59900e-03   1.91869e-05  -3.02055e-03   4.56846e-06 
  1.18944e-03   8.10503e-04  -5.15573e-04   1.23901e-03  -1.15036e-05   8.10503e-04   4.41899e-06 
  2.91603e-04  -4.30644e-03   5.14883e-04  -2.63864e-04   3.38205e-05  -4.30644e-03  -1.57353e-06 
 -1.91162e-04  -1.02661e-02   7.42350e-04   1.44267e-03   7.29217e-05  -1.02661e-02   3.23932e-06 
 -1.25702e-04  -2.91700e-03   4.76065e-04   1.15045e-03   1.53912e-05  -2.91700e-03   2.87309e-06 
  2.95794e-04  -5.29851e-03   1.52595e-03   1.68786e-03   2.72254e-05  -5.29851e-03   2.65572e-06 
  8.32398e-04  -7.39854e-03  -1.13848e-05   5.56806e-04   5.45521e-05  -7.39854e-03   3.37516e-06 
 -5.33322e-04  -6.41627e-03  -8.55254e-05   1.17623e-03   4.97290e-05  -6.41627e-03   2.31201e-06 
 -2.52716e-04   1.10633e-02   2.56654e-04  -1.40753e-03  -8.58557e-05   1.10633e-02  -4.50372e-06 
  1.38232e-04   6.70327e-03  -5.11907e-05   1.54575e-03  -6.40622e-05   6.70327e-03   4.48716e-06 
  1.27092e-03  -2.54193e-04   7.12589e-04   5.62964e-04  -7.06164e-06  -2.54193e-04   1.68613e-06 
 -2.30443e-04   1.03298e-03  -8.62681e-04  -9.96912e-04   5.26657e-07   1.03298e-03  -2.69054e-08 
  1.96970e-05  -7.71535e-03  -5.13523e-04  -1.09953e-04   6.89278e-05  -7.71535e-03   3.52830e-06 
  4.27008e-04  -1.88346e-03   2.83948e-04   6.16515e-04   1.04768e-05  -1.88346e-03   2.19486e-06 
 -1.63598e-03   7.29395e-03  -1.33455e-03  -1.66231e-03  -4.33479e-05   7.29395e-03  -5.13154e-06 
 -4.45102e-04  -2.60317e-03  -5.99384e-04   3.50045e-04   2.47424e-05  -2.60317e-03   1.28032e-06 
 -6.42332e-04  -2.65097e-03  -6.20709e-04  -9.18490e-05   2.74029e-05  -2.65097e-03   6.43216e-07 
  6.41936e-04   3.79593e-04   1.75106e-04   6.46270e-06  -6.21068e-06   3.79593e-04   1.34381e-06 
 -1.79911e-04   1.20256e-03   6.73292e-04   1.40477e-03  -1.97873e-05   1.20256e-03   1.70731e-06 
