 -5.60180e-02   9.27351e-02   4.69954e-02  -7.03946e-02  -1.22071e-03   9.27351e-02  -2.14327e-04 
  1.46428e+00  -3.18271e+00  -1.40231e+00   1.86400e+00   4.14616e-02  -3.18271e+00   5.64144e-03 
 -2.21548e-02  -4.33077e-02   4.66902e-03  -1.83828e-02   3.93512e-04  -4.33077e-02  -5.88972e-05 
 -1.48833e-01   4.17387e-01   2.00527e-01  -2.00014e-01  -6.01112e-03   4.17387e-01  -6.01261e-04 
  1.21474e-01   3.42476e-02  -1.86937e-01   1.54681e-01   2.01389e-03   3.42476e-02   4.85761e-04 
 -5.16380e-02   6.97375e-02   6.10330e-02  -7.49283e-02  -1.20214e-03   6.97375e-02  -2.30664e-04 
 -3.30658e-01   1.72331e+00   2.70651e-01  -6.65838e-01  -1.54026e-02   1.72331e+00  -1.99499e-03 
 -1.57669e-02   4.74596e-01   2.56807e-02  -8.55478e-02  -4.12572e-03   4.74596e-01  -2.39322e-04 
  1.33560e-01  -5.15144e-03  -1.00305e-01   2.21755e-01   6.84526e-05  -5.15144e-03   7.05625e-04 
 -4.92077e-02  -1.70476e-01   2.97052e-02  -5.84504e-02   1.58259e-03  -1.70476e-01  -2.05118e-04 
 -4.81293e-02  -4.08919e-01   1.05149e-02  -3.13346e-02   3.99620e-03  -4.08919e-01  -1.45692e-04 
 -4.49130e-04  -1.93950e-01   5.16896e-03   5.77147e-02   1.15492e-03  -1.93950e-01   1.85237e-04 
 -1.59435e-02   2.55208e-01  -2.95070e-02  -8.42161e-02  -1.12918e-03   2.55208e-01  -2.50567e-04 
 -4.69968e-03  -2.11349e-02  -1.65167e-03  -6.81215e-03   2.81480e-04  -2.11349e-02  -2.20731e-05 
  1.16383e-02  -4.01149e-01   2.48328e-02   1.21120e-01   2.43513e-03  -4.01149e-01   3.39521e-04 
  4.40487e-02   6.14885e-02  -7.31202e-03   1.00831e-01  -1.27011e-03   6.14885e-02   3.07727e-04 
 -1.21296e-02  -1.76776e-01   7.85591e-03   1.03466e-02   1.45087e-03  -1.76776e-01   1.96720e-05 
 -1.56305e-02   7.11769e-02  -7.87494e-04  -5.20540e-02  -2.56024e-04   7.11769e-02  -1.53533e-04 
 -1.50644e-04  -9.56486e-03   6.69899e-04   7.57357e-03   6.45299e-05  -9.56486e-03   1.86588e-05 
  1.04062e-02  -2.51967e-01   5.39818e-03   8.05340e-02   1.60260e-03  -2.51967e-01   2.29508e-04 
  2.20247e-02  -3.36264e-02  -7.04894e-03   6.01685e-02  -1.12888e-04  -3.36264e-02   1.88644e-04 
  1.03472e-02  -1.17115e-01  -3.09036e-03   4.85858e-02   6.69148e-04  -1.17115e-01   1.43568e-04 
  4.31393e-02  -1.40341e-01  -1.29951e-02   1.07508e-01   4.49362e-04  -1.40341e-01   3.33032e-04 
  2.80343e-02   4.81466e-01  -1.43850e-02  -4.23962e-02  -3.96450e-03   4.81466e-01  -9.16102e-05 
 -1.93588e-02   1.36414e-01   1.91733e-03  -5.81529e-02  -7.28734e-04   1.36414e-01  -1.73839e-04 
 -5.37475e-03   5.23597e-02   1.46197e-03  -1.75387e-02  -3.46659e-04   5.23597e-02  -5.09270e-05 
 -2.87440e-03  -1.08307e-02   2.93909e-03  -1.20732e-02   1.71013e-04  -1.08307e-02  -3.34861e-05 
  1.79422e-03   4.99044e-02  -7.16921e-03  -1.79333e-03  -4.05798e-04   4.99044e-02   3.77845e-07 
  5.11227e-03   4.53057e-02  -4.23921e-03   7.56665e-03  -4.54638e-04   4.53057e-02   2.52705e-05 
  4.03653e-02  -1.45835e-02  -1.42729e-02   1.04658e-01  -6.21831e-04  -1.45835e-02   3.14378e-04 
  1.93560e-02  -9.53002e-02   4.92165e-03   2.18735e-02   5.65770e-04  -9.53002e-02   7.22836e-05 
 -1.31703e-03  -1.80725e-02  -4.15687e-03   7.88394e-02  -2.48425e-04  -1.80725e-02   2.00197e-04 
 -9.38145e-03   1.50828e-02  -6.56244e-03   3.70747e-02  -2.32458e-04   1.50828e-02   8.70150e-05 
 -1.12064e-02   7.47744e-03  -5.87218e-03   3.66493e-02  -8.71134e-05   7.47744e-03   7.79481e-05 
  4.85395e-04  -7.06423e-02  -7.50972e-03   2.52525e-02   6.30566e-04  -7.06423e-02   6.11875e-05 
  7.34767e-03  -5.81671e-02  -6.84624e-03  -2.08277e-02   6.01443e-04  -5.81671e-02  -4.07001e-05 
 -1.90135e-02  -7.97697e-02  -8.34685e-04   2.39097e-02   6.65956e-04  -7.97697e-02   3.93772e-05 
 -1.44731e-02  -1.83543e-02   1.76039e-04   2.64251e-03   2.09747e-04  -1.83543e-02  -8.90985e-06 
 -2.10584e-02  -2.41019e-02   1.09426e-02  -1.83186e-02   2.03369e-04  -2.41019e-02  -6.23793e-05 
  1.37558e-02  -4.66455e-02  -1.32531e-02   1.39825e-02   4.01460e-04  -4.66455e-02   4.96722e-05 
 -1.23269e-03   5.29487e-02   4.76701e-03  -1.20784e-02  -4.05850e-04   5.29487e-02  -3.67281e-05 
 -1.27080e-02   3.79504e-02   1.02131e-02  -1.30011e-02  -2.80976e-04   3.79504e-02  -4.94458e-05 
  1.12628e-02   1.28108e-02   3.13821e-03   4.51865e-03  -1.87793e-04   1.28108e-02   2.52080e-05 
 -1.35323e-03   1.59674e-01   5.13161e-03  -1.68087e-03  -1.32326e-03   1.59674e-01  -1.17135e-05 
 -9.48491e-03   6.91058e-02   2.56710e-03  -1.00258e-02  -4.90676e-04   6.91058e-02  -4.19832e-05 
  8.35511e-03   1.70064e-02  -5.11542e-03   1.71726e-03  -1.45576e-04   1.70064e-02   1.76498e-05 
 -8.71201e-03   5.80504e-03   3.64724e-03  -3.85376e-04  -4.85646e-05   5.80504e-03  -1.27593e-05 
  4.35761e-03  -1.97478e-02  -2.98368e-03  -1.30153e-02   2.31247e-04  -1.97478e-02  -2.85042e-05 
 -1.41729e-02  -6.66261e-02   9.12287e-03   2.54909e-03   5.33234e-04  -6.66261e-02  -1.43658e-05 
 -7.18373e-03   5.28112e-02   2.86856e-03  -1.42632e-03  -4.20040e-04   5.28112e-02  -1.41925e-05 
 -1.23091e-02  -2.04770e-03   3.22654e-03  -6.07219e-03   5.49791e-05  -2.04770e-03  -2.87426e-05 
  3.37556e-04   6.95257e-03  -3.39622e-04   1.94564e-03  -6.74943e-05   6.95257e-03   5.07324e-06 
  1.00413e-02   3.54237e-02  -7.11227e-03  -1.56634e-02  -1.87504e-04   3.54237e-02  -2.61101e-05 
 -3.33134e-03  -1.72885e-02   1.62446e-03  -3.48511e-03   1.69284e-04  -1.72885e-02  -1.33494e-05 
  5.54970e-04   1.26260e-02   2.14010e-03  -2.29287e-03  -1.03616e-04   1.26260e-02  -4.20330e-06 
 -7.09774e-03  -1.73314e-02   4.94337e-03   1.85088e-04   1.39630e-04  -1.73314e-02  -1.11346e-05 
 -4.47232e-04   1.04696e-02  -4.88692e-04   3.06704e-03  -1.00444e-04   1.04696e-02   6.87039e-06 
  6.39742e-04   2.74164e-02  -5.87922e-03   4.38796e-03  -2.33622e-04   2.74164e-02   1.81792e-05 
 -3.55499e-03   1.16632e-02  -2.60609e-03   7.54272e-03  -1.20715e-04   1.16632e-02   1.56227e-05 
  2.73552e-03  -5.48949e-03   7.26996e-04  -1.74497e-03   4.53077e-05  -5.48949e-03  -7.73109e-07 
 -2.98514e-04   2.36014e-02  -2.37616e-03  -1.97212e-03  -1.76529e-04   2.36014e-02  -4.51653e-06 
  3.85206e-04  -1.49264e-03  -9.11238e-04   6.74086e-03  -2.42497e-05  -1.49264e-03   1.80849e-05 
  1.20047e-03  -2.35132e-02   2.36638e-03   6.26771e-06   1.88188e-04  -2.35132e-02   6.29852e-06 
  1.87553e-03  -4.17887e-04  -2.74774e-04  -6.48030e-03   3.52364e-05  -4.17887e-04  -1.23623e-05 
 -2.18228e-03  -6.85902e-03   1.06206e-03   6.25962e-03   2.47067e-05  -6.85902e-03   1.39629e-05 
  1.59146e-03  -3.90986e-03  -1.15293e-04  -4.14046e-03   5.07701e-05  -3.90986e-03  -9.91046e-06 
 -9.34512e-05   7.84878e-03  -7.07075e-04   2.48473e-03  -7.79561e-05   7.84878e-03   2.92790e-06 
 -2.59917e-04   1.12487e-02   6.00157e-05   5.67784e-03  -1.25108e-04   1.12487e-02   1.13056e-05 
  8.07566e-04  -9.97236e-03   7.66481e-04  -1.06813e-03   8.41338e-05  -9.97236e-03  -1.51190e-08 
 -1.35231e-03   2.85536e-03   4.54112e-04  -2.95410e-03  -8.89132e-06   2.85536e-03  -7.10449e-06 
 -8.03381e-04  -4.26145e-03  -3.24241e-04   1.58955e-04   3.87721e-05  -4.26145e-03   7.22037e-06 
 -3.98250e-03  -4.23826e-05  -1.08871e-03   5.29575e-03  -1.94147e-05  -4.23826e-05   6.08333e-06 
  1.72168e-03   3.70547e-03   1.05812e-03  -2.97210e-03  -2.17385e-05   3.70547e-03  -4.59415e-06 
 -1.09432e-03   3.41129e-03  -7.91170e-04   2.56775e-03  -4.01657e-05   3.41129e-03   5.95078e-06 
 -2.00893e-05  -2.20156e-03   2.17894e-03  -3.60128e-03   2.42126e-05  -2.20156e-03  -1.40071e-05 
 -1.30038e-03   1.59708e-03  -2.18541e-03  -8.88059e-04   3.82040e-06   1.59708e-03   3.91222e-06 
  1.96182e-03  -2.89856e-03  -8.80151e-04   4.81772e-03   3.81273e-06  -2.89856e-03   1.48834e-05 
 -7.18674e-04   5.98114e-03  -1.17309e-03   6.73348e-04  -5.11860e-05   5.98114e-03   5.69864e-06 
  2.36368e-03   2.01790e-03   2.43649e-03   5.25844e-04  -3.32209e-05   2.01790e-03   2.02670e-06 
  3.56006e-04   4.59883e-03   4.06389e-04  -2.15761e-03  -2.96411e-05   4.59883e-03  -3.92763e-06 
 -3.35855e-04  -3.92755e-03   9.03899e-05   5.57792e-04   2.94874e-05  -3.92755e-03  -7.39782e-07 
 -9.29132e-04  -9.86486e-04   8.53075e-04   4.25593e-04   1.99386e-06  -9.86486e-04  -2.01378e-06 
  3.59281e-04  -3.44535e-03  -1.93311e-04  -1.56747e-03   3.91377e-05  -3.44535e-03  -5.44993e-06 
  2.84626e-03  -1.64740e-03  -1.18227e-03  -4.10944e-03   3.95699e-05  -1.64740e-03  -7.21891e-06 
 -3.59800e-04   2.46956e-03  -3.53083e-04   1.61996e-03  -2.92468e-05   2.46956e-03   2.46341e-06 
 -3.94715e-04   2.71997e-04   1.06947e-03  -2.99073e-04  -3.96977e-06   2.71997e-04  -1.40963e-06 
  4.22676e-04  -1.43699e-03   5.38412e-04   3.37463e-04   5.64955e-06  -1.43699e-03   3.20025e-06 
  1.68358e-04  -3.71915e-04   4.98426e-04   6.06772e-04  -2.65963e-06  -3.71915e-04   1.89464e-06 
 -1.50172e-03  -2.86260e-03  -9.05825e-04   9.22002e-04   2.47530e-05  -2.86260e-03  -5.56252e-08 
  1.00080e-03   3.03317e-03   2.06567e-03   1.20418e-03  -4.12496e-05   3.03317e-03   1.75071e-06 
  4.08135e-04  -4.94224e-03   3.36749e-03  -2.35973e-03   3.89366e-05  -4.94224e-03  -7.28907e-06 
 -7.78089e-04   2.38015e-03  -2.17961e-03   5.75728e-04  -1.14947e-05   2.38015e-03   1.53393e-06 
 -1.00181e-04  -7.50513e-03   1.42259e-03  -4.23321e-04   5.94271e-05  -7.50513e-03  -2.32399e-07 
  5.46068e-04  -2.80369e-03   2.83619e-03  -1.19001e-03   1.72725e-05  -2.80369e-03  -1.59099e-06 
  1.73096e-04  -2.66956e-03   5.32386e-03  -1.52065e-04  -1.64177e-06  -2.66956e-03  -2.21546e-06 
 -4.93738e-04   4.29381e-04  -8.25885e-04   5.63034e-04  -3.14430e-06   4.29381e-04   2.31830e-06 
  1.39061e-03  -3.66898e-03   4.84639e-03  -5.49240e-04   1.03447e-05  -3.66898e-03   8.72363e-07 
 -6.91645e-04   1.10701e-03  -4.41990e-03  -7.60195e-04   1.50329e-05   1.10701e-03  -2.20463e-06 
 -4.38320e-04   4.27062e-04  -2.28406e-03   1.59322e-04   5.31274e-06   4.27062e-04   1.47596e-06 
 -6.43574e-04   2.25356e-03  -3.81247e-03   3.10099e-04  -3.62377e-06   2.25356e-03   1.96187e-07 
  3.57208e-04  -1.04583e-03   5.04510e-04  -3.88616e-04   7.64682e-06  -1.04583e-03  -6.87150e-07 
 -3.66083e-04   1.68138e-03   5.90173e-04  -1.07342e-03  -9.59728e-06   1.68138e-03  -3.72810e-06 
 -1.01861e-03   1.70939e-03  -3.20619e-03  -1.56893e-04   2.39900e-06   1.70939e-03  -5.12060e-07 
 -3.02476e-04   1.12649e-03  -8.38686e-04   2.69634e-04  -6.87060e-06   1.12649e-03   1.91012e-06 
  4.61830e-04   2.91097e-04   1.58654e-03   1.33446e-04  -1.19576e-05   2.91097e-04   1.82220e-06 
 -9.98740e-04   2.17905e-03  -2.74227e-03  -7.66242e-05  -4.03812e-06   2.17905e-03  -9.84535e-07 
  6.38229e-04   1.48095e-03   2.24859e-03  -6.02597e-04  -1.97323e-05   1.48095e-03  -4.98135e-07 
 -2.97283e-05   1.47978e-03  -1.21889e-03   6.69387e-04  -1.09159e-05   1.47978e-03   1.93678e-06 
  1.26897e-03  -1.71935e-03   5.02954e-03  -4.66036e-04  -6.70305e-06  -1.71935e-03  -2.95993e-06 
 -1.46640e-04  -7.04625e-04  -1.60084e-04   4.22518e-04   4.57571e-06  -7.04625e-04   9.60370e-07 
 -2.49635e-04  -9.42235e-04  -1.11940e-03  -5.72237e-05   1.41674e-05  -9.42235e-04  -7.05111e-07 
  3.09406e-04  -2.08140e-04   8.68464e-04  -3.68223e-04  -1.13312e-06  -2.08140e-04  -2.74457e-07 
  8.78284e-05   4.71743e-05   3.21231e-04   3.75483e-04  -4.51888e-06   4.71743e-05   9.50163e-07 
 -4.47893e-05   3.46434e-04   9.72160e-04  -4.40384e-04  -4.82604e-06   3.46434e-04   1.50043e-06 
  2.02798e-03  -4.02528e-03   6.51697e-03   4.80016e-05   2.66181e-06  -4.02528e-03  -3.05979e-06 
  3.76637e-04  -9.39555e-04   1.29400e-03  -4.23175e-04   3.72958e-06  -9.39555e-04  -1.80699e-06 
 -1.12235e-03   1.47363e-03  -3.74782e-03   4.51082e-06   5.44927e-06   1.47363e-03   2.10775e-06 
 -1.09729e-03   1.39868e-03  -3.90173e-03   3.22747e-04   5.46266e-06   1.39868e-03   3.03530e-06 
 -9.12808e-04   2.07261e-03  -2.69768e-03   1.81141e-04  -6.07234e-06   2.07261e-03   1.37818e-06 
 -1.20647e-03   4.71181e-04  -4.60518e-03  -3.18464e-04   2.11154e-05   4.71181e-04   9.12846e-07 
 -2.71448e-04  -5.21094e-05  -8.80002e-04   5.77394e-04   2.02546e-06  -5.21094e-05   3.04424e-06 
 -8.20657e-04   1.43632e-03  -3.41631e-03   2.33532e-06   4.47548e-06   1.43632e-03   3.49965e-06 
  3.01492e-04  -1.53068e-03  -1.23854e-04  -4.36550e-04   1.67641e-05  -1.53068e-03  -1.17494e-06 
  5.87226e-04  -1.94068e-03   1.26343e-03  -6.03167e-04   1.41980e-05  -1.94068e-03  -1.72342e-06 
 -4.11859e-04   2.10910e-04  -3.43175e-03  -9.07445e-04   2.05105e-05   2.10910e-04   1.28912e-06 
 -1.08111e-03   2.04825e-03  -3.84641e-03   5.60039e-04  -1.23682e-06   2.04825e-03   5.85482e-06 
  2.93060e-04  -7.80098e-04  -5.14618e-04  -6.82800e-04   1.29568e-05  -7.80098e-04  -1.04384e-06 
