 -2.67817e-01   5.68511e-01   2.34272e-01  -3.43947e-01  -7.05051e-03   5.68511e-01  -1.04144e-03
 -4.72555e-01   1.00832e+00   4.20718e-01  -6.06842e-01  -1.26120e-02   1.00832e+00  -1.83691e-03
  2.84182e+00  -6.39446e+00  -2.61471e+00   3.67510e+00   7.99797e-02  -6.39446e+00   1.11034e-02
  1.09115e+00  -2.56293e+00  -1.10154e+00   1.41569e+00   3.32917e-02  -2.56293e+00   4.26811e-03
 -4.38365e-01   1.11307e+00   4.81604e-01  -5.71554e-01  -1.47618e-02   1.11307e+00  -1.71698e-03
 -1.42816e-01   3.86752e-01   1.83988e-01  -1.82475e-01  -5.51713e-03   3.86752e-01  -5.44503e-04
  5.00593e-01  -9.72534e-01  -5.80958e-01   6.30689e-01   1.49504e-02  -9.72534e-01   1.91436e-03
 -5.82483e-01   7.33501e-01   7.41112e-01  -6.71179e-01  -1.55285e-02   7.33501e-01  -2.05752e-03
  1.23799e-01  -2.34100e-01  -1.14144e-01   1.74606e-01   2.93422e-03  -2.34100e-01   5.35246e-04
  1.48465e-01  -1.44124e+00  -9.07999e-02   3.66146e-01   1.17382e-02  -1.44124e+00   1.04894e-03
 -3.39911e-01   1.86096e+00   2.74521e-01  -6.44343e-01  -1.68812e-02   1.86096e+00  -1.89723e-03
  1.20404e-01   7.45265e-01  -1.69936e-01   3.24744e-02  -3.57591e-03   7.45265e-01   1.85691e-04
  5.36181e-01  -1.12512e+00  -5.26019e-01   7.64793e-01   1.42904e-02  -1.12512e+00   2.35840e-03
 -6.81381e-01   2.07986e+00   6.71180e-01  -1.06568e+00  -2.32909e-02   2.07986e+00  -3.24194e-03
 -3.76415e-01   2.16434e+00   3.56480e-01  -7.40120e-01  -2.03956e-02   2.16434e+00  -2.17242e-03
  2.99404e-01  -1.11368e+00  -2.20540e-01   5.24735e-01   9.91221e-03  -1.11368e+00   1.54959e-03
  1.30876e-01  -4.07861e-01  -9.54176e-02   2.24922e-01   3.67070e-03  -4.07861e-01   6.70540e-04
  1.22617e-01  -3.51581e-01  -9.84894e-02   1.95983e-01   3.41052e-03  -3.51581e-01   5.85903e-04
 -2.87405e-02  -5.04002e-01   1.15616e-03   4.00924e-02   4.37309e-03  -5.04002e-01   1.00009e-04
 -1.38831e-02  -1.32110e-01   1.15143e-02   1.26638e-02   9.44638e-04  -1.32110e-01   3.51873e-05
 -6.07626e-02   2.01292e-01   4.75871e-02  -1.07992e-01  -1.88925e-03   2.01292e-01  -3.25067e-04
  4.06433e-02  -6.06540e-01  -4.28741e-02   1.60773e-01   5.22958e-03  -6.06540e-01   4.67808e-04
 -6.84705e-02   4.32240e-01  -3.56366e-02  -2.67121e-01  -1.14773e-03   4.32240e-01  -8.07359e-04
  6.30097e-02  -5.17512e-01   2.80910e-02   2.68830e-01   2.03611e-03  -5.17512e-01   8.05558e-04
 -1.64901e-01   1.62193e+00  -2.54880e-02  -6.80952e-01  -8.64158e-03   1.62193e+00  -2.02464e-03
 -9.09766e-02   8.23991e-01   5.26444e-03  -3.25561e-01  -4.92102e-03   8.23991e-01  -9.65664e-04
 -3.76418e-02   1.24778e-01  -6.16147e-03  -9.33537e-02   1.16183e-05   1.24778e-01  -2.87938e-04
  7.49834e-02  -1.32710e+00   5.73588e-03   3.81109e-01   8.67226e-03  -1.32710e+00   1.11700e-03
 -6.52733e-02   5.72300e-01   1.32313e-02  -2.15308e-01  -3.54223e-03   5.72300e-01  -6.40064e-04
  2.73113e-01   5.45826e-01  -2.04770e-01   3.50993e-01  -4.02303e-03   5.45826e-01   1.10831e-03
 -4.39927e-02  -8.07371e-01   6.00518e-02   7.60377e-02   5.60561e-03  -8.07371e-01   1.98064e-04
 -7.62133e-02   3.15562e-01   1.16210e-02  -2.35497e-01  -9.37606e-04   3.15562e-01  -7.19169e-04
 -1.40825e-02   1.32282e+00  -3.09086e-02  -2.50657e-01  -9.51027e-03   1.32282e+00  -7.16425e-04
 -6.58035e-03   4.40148e-01   1.10379e-02  -8.18546e-02  -3.73718e-03   4.40148e-01  -2.24400e-04
 -4.83879e-02  -1.39788e-01   1.40769e-02  -4.67257e-02   1.50877e-03  -1.39788e-01  -1.60273e-04
  7.18748e-02   3.37614e-01  -4.77448e-02   6.88824e-02  -3.09827e-03   3.37614e-01   2.35325e-04
  6.21687e-03  -6.26657e-01   3.10913e-02   3.78598e-02   4.59786e-03  -6.26657e-01   1.08044e-04
  2.47794e-02   3.19578e-01   7.47444e-03  -7.77391e-02  -2.47238e-03   3.19578e-01  -2.05714e-04
  1.62824e-02   6.48111e-01  -3.05524e-02  -3.21001e-02  -5.18227e-03   6.48111e-01  -7.36886e-05
  7.32137e-02   5.61550e-01  -6.02568e-02   6.84918e-02  -4.83801e-03   5.61550e-01   2.35550e-04
 -9.27167e-02  -2.01291e-01   6.12189e-02  -1.82754e-01   2.68982e-03  -2.01291e-01  -5.68535e-04
  1.26707e-02  -1.13619e-02  -2.43529e-02   4.95269e-02   1.69690e-04  -1.13619e-02   1.40268e-04
 -1.06639e-01  -2.21807e-01   8.42716e-02  -3.14308e-01   3.56187e-03  -2.21807e-01  -9.50420e-04
  3.25189e-02  -4.75071e-02  -1.53951e-02   9.86070e-02  -2.03123e-04  -4.75071e-02   2.95003e-04
 -4.88947e-02   2.40515e-01   2.25982e-02  -2.15218e-01  -5.90108e-04   2.40515e-01  -6.32211e-04
 -2.13436e-02  -8.83409e-02   1.83588e-02  -3.83725e-02   8.94356e-04  -8.83409e-02  -1.20323e-04
 -4.97793e-03   1.36813e-01   4.51139e-03  -1.18763e-02  -1.15833e-03   1.36813e-01  -3.46242e-05
 -6.92441e-02   8.29592e-02   1.43856e-02  -1.57948e-01   4.16802e-04   8.29592e-02  -4.74152e-04
  8.59707e-02   2.87752e-01  -3.12909e-02   5.49953e-02  -2.72052e-03   2.87752e-01   1.96377e-04
  6.76549e-02   7.76461e-01  -5.62345e-03  -1.13143e-01  -6.12834e-03   7.76461e-01  -2.73945e-04
  3.49938e-02   1.86703e-01  -1.60793e-02   9.75765e-02  -2.10062e-03   1.86703e-01   2.84564e-04
 -4.44111e-03   1.66685e-01   1.69294e-02   1.25314e-02  -1.78458e-03   1.66685e-01   3.69607e-05
  4.89230e-03  -4.46449e-02  -1.47839e-02  -2.43029e-02   5.96032e-04  -4.46449e-02  -5.68382e-05
 -6.52756e-03  -8.19299e-02   3.65620e-03  -4.87797e-03   7.20280e-04  -8.19299e-02  -1.69420e-05
  1.37522e-02   4.68710e-02  -5.64236e-03  -3.24620e-02  -2.80153e-04   4.68710e-02  -6.99765e-05
  8.76489e-03  -7.36060e-02   9.24999e-04   8.09525e-03   5.25171e-04  -7.36060e-02   2.93110e-05
 -2.22666e-02   1.14207e-02   6.87570e-03   6.13407e-02  -4.10160e-04   1.14207e-02   1.45878e-04
  3.08611e-02   2.13017e-03  -1.31980e-03  -1.38374e-02  -3.48485e-05   2.13017e-03  -1.45596e-05
 -8.08490e-02  -1.31917e-01   1.16786e-02   2.34227e-02   1.11113e-03  -1.31917e-01   1.18180e-05
  4.93451e-04  -9.19567e-02   4.60514e-03  -1.92223e-02   8.35225e-04  -9.19567e-02  -4.98574e-05
  3.73218e-02   2.16406e-01  -6.29937e-03   2.77224e-02  -1.97649e-03   2.16406e-01   8.94993e-05
  9.29373e-03   2.05141e-02   5.24861e-03   2.80518e-02  -3.73912e-04   2.05141e-02   8.00813e-05
  2.98291e-02   1.24469e-01  -1.46324e-03   4.65496e-03  -1.11808e-03   1.24469e-01   2.72872e-05
  4.20340e-03  -1.22752e-01   3.11961e-03  -1.17066e-02   1.04880e-03  -1.22752e-01  -2.43712e-05
  2.72744e-05  -1.80901e-01   4.89192e-03   5.58762e-03   1.46944e-03  -1.80901e-01   2.08829e-05
  3.92015e-03  -4.15717e-02  -7.57074e-03  -1.05783e-02   4.46276e-04  -4.15717e-02  -2.36978e-05
  1.76773e-02  -7.89339e-02  -1.02838e-02  -2.49040e-02   7.99317e-04  -7.89339e-02  -4.35058e-05
  2.52780e-02  -1.47382e-01  -3.65794e-03   8.73621e-03   1.13238e-03  -1.47382e-01   5.70826e-05
  5.06776e-02  -3.05552e-01  -1.98916e-02  -7.98444e-03   2.57365e-03  -3.05552e-01   4.78103e-05
 -3.74644e-02   2.70733e-01   1.71943e-02   1.74398e-02  -2.32939e-03   2.70733e-01  -1.47009e-05
 -4.30035e-02   7.67018e-02   1.26111e-02   5.87498e-03  -6.48317e-04   7.67018e-02  -3.54071e-05
 -2.93397e-02   1.14813e-01   2.29844e-02   2.11285e-02  -1.08899e-03   1.14813e-01   6.92179e-06
  2.46998e-03  -2.41679e-02  -1.79705e-03   7.79540e-04   1.96251e-04  -2.41679e-02   4.49358e-06
  1.47306e-02  -5.35383e-02  -6.96078e-03  -7.76921e-03   5.22889e-04  -5.35383e-02  -2.19188e-06
  1.27676e-02   4.68181e-02  -4.20962e-03  -4.32473e-03  -4.13607e-04   4.68181e-02   1.41658e-05
 -2.70046e-02  -9.93579e-03   1.22430e-02   1.71484e-02   6.36373e-06  -9.93579e-03   2.22143e-06
  1.53774e-02  -4.35817e-02  -1.00381e-02   2.77611e-03   3.97346e-04  -4.35817e-02   2.25446e-05
 -1.28200e-02   1.85941e-02  -3.93786e-04  -3.16010e-03  -1.29667e-04   1.85941e-02  -2.47475e-05
  1.83837e-02  -1.91190e-03  -5.43406e-03  -5.67295e-03   3.55237e-05  -1.91190e-03   8.73545e-06
 -3.31859e-02  -2.24702e-02   9.30681e-03   3.49099e-03   1.98179e-04  -2.24702e-02  -3.88028e-05
  7.79526e-03  -2.74694e-02  -4.45712e-03  -4.92663e-03   2.73382e-04  -2.74694e-02  -7.01191e-06
  1.04767e-02   5.81490e-02  -3.64489e-03  -3.27309e-04  -5.21960e-04   5.81490e-02   1.04404e-05
 -9.45057e-03   1.86953e-02   5.32879e-03  -8.08077e-03  -1.56243e-04   1.86953e-02  -3.15070e-05
 -1.50324e-02  -1.48130e-03   5.11043e-03   2.02629e-03  -2.17689e-05  -1.48130e-03  -5.67865e-06
 -2.68365e-02   1.46364e-02   1.40686e-02   1.27488e-03  -1.81773e-04   1.46364e-02  -2.95329e-05
  2.11396e-02  -1.17936e-02  -1.78406e-02  -1.26596e-02   2.33845e-04  -1.17936e-02  -1.04295e-06
 -1.98834e-02   1.47070e-03   9.21148e-03  -9.09334e-04  -4.69474e-05   1.47070e-03  -2.16785e-05
  1.40250e-02  -3.90316e-02   1.08954e-03  -3.98367e-02   5.34677e-04  -3.90316e-02  -7.91838e-05
 -5.88395e-02  -3.01961e-02   2.94779e-02   3.53410e-02   8.74186e-06  -3.01961e-02  -6.94719e-06
  4.08950e-02   5.25592e-03  -3.10686e-02  -2.01700e-02   1.79252e-04   5.25592e-03   3.75715e-08
 -5.24530e-03  -3.68485e-02   6.48932e-03   1.45019e-02   2.19712e-04  -3.68485e-02   3.29600e-05
 -5.76120e-03  -1.19822e-02   5.42679e-03   1.60424e-03   7.38240e-05  -1.19822e-02  -3.42255e-06
 -7.55718e-04   1.66925e-02  -1.56773e-03   9.81978e-03  -1.84686e-04   1.66925e-02   2.62012e-05
 -2.42886e-02  -5.43012e-02   2.00197e-02   3.76535e-03   3.66456e-04  -5.43012e-02  -1.27758e-05
  3.14407e-04  -8.85070e-03  -2.89500e-04  -4.66778e-03   1.11639e-04  -8.85070e-03  -9.07329e-06
  2.04862e-02   3.58802e-02  -1.93873e-02   4.13365e-03  -2.57571e-04   3.58802e-02   3.32874e-05
 -1.24961e-02  -3.14098e-02   8.07870e-03  -4.73671e-03   2.71701e-04  -3.14098e-02  -2.68711e-05
  8.19299e-03   1.34473e-02  -6.57922e-03   4.39851e-03  -1.23110e-04   1.34473e-02   2.64699e-05
  1.59772e-03  -1.68626e-03   7.46783e-03  -1.23927e-03  -1.22677e-05  -1.68626e-03  -6.92957e-06
  1.04611e-02   2.61568e-02  -1.17610e-02  -8.45743e-03  -1.27535e-04   2.61568e-02  -4.68101e-06
  1.09818e-02  -2.63706e-02   1.35563e-02  -2.59486e-02   2.90391e-04  -2.63706e-02  -5.64174e-05
 -2.26647e-02   2.37047e-03   7.65586e-03  -9.88228e-04  -3.53873e-05   2.37047e-03  -2.90887e-05
 -1.77892e-02   1.11055e-04   9.29863e-03   6.82035e-03  -6.79179e-05   1.11055e-04  -7.16702e-06
  2.61158e-02   8.30255e-03  -1.52962e-02  -9.69547e-03   4.18425e-05   8.30255e-03   6.54678e-06
  1.57697e-03   1.50090e-02  -9.95076e-03   1.17072e-02  -1.51495e-04   1.50090e-02   3.17558e-05
 -1.59188e-02  -2.07593e-02   1.09394e-02   1.93826e-03   1.23020e-04  -2.07593e-02  -1.98709e-05
 -1.52768e-02  -1.66263e-02   1.75103e-02  -6.36119e-04   6.88310e-05  -1.66263e-02  -1.70312e-05
  2.20115e-02  -1.50772e-03  -1.78328e-02  -3.09429e-03   1.09606e-04  -1.50772e-03   1.20700e-05
  4.62552e-03   5.71293e-03  -7.68789e-03   8.92923e-04  -1.99239e-05   5.71293e-03   8.84292e-06
 -6.30671e-03   9.13663e-03  -3.54234e-03   6.06815e-03  -9.66108e-05   9.13663e-03   1.04214e-05
 -2.25964e-02  -1.69984e-02   3.26601e-02  -3.87542e-03   2.29919e-05  -1.69984e-02  -4.05294e-05
 -5.67689e-03  -5.64901e-03   6.83671e-03   2.29310e-03   4.10383e-06  -5.64901e-03  -3.21386e-06
  4.12899e-04   4.90752e-03   8.73305e-03  -3.47566e-03  -7.21316e-05   4.90752e-03  -6.02280e-06
  2.26826e-03   4.13549e-03  -6.01336e-03   8.87190e-04  -1.60159e-05   4.13549e-03  -1.49382e-07
 -1.83261e-03  -3.41185e-03   6.91398e-03  -2.02687e-03   6.36390e-06  -3.41185e-03  -9.93596e-06
 -2.20969e-03   2.07083e-04   1.63795e-02  -1.01674e-02  -2.32068e-05   2.07083e-04  -1.76138e-05
 -3.95985e-03   1.45858e-03   2.09696e-03  -4.04582e-03  -2.51702e-06   1.45858e-03  -1.66697e-05
 -5.23250e-03  -8.93518e-03   1.75380e-02   6.56647e-04  -1.01481e-05  -8.93518e-03  -7.05687e-06
 -7.42165e-03  -4.41563e-03   1.27972e-02  -6.61191e-03   1.70811e-05  -4.41563e-03  -1.64547e-05
 -4.71034e-03   3.14979e-03   1.03689e-02  -6.83310e-03  -4.07246e-05   3.14979e-03  -1.54907e-05
 -3.94964e-03   1.46321e-03   1.11855e-02   2.45740e-04  -7.36403e-05   1.46321e-03  -2.34353e-06
  5.51368e-03   6.70804e-03  -1.64668e-03  -2.73238e-03  -4.10975e-05   6.70804e-03   7.11376e-06
  5.51447e-03   1.49913e-03  -8.42655e-03  -9.23403e-04   3.60008e-05   1.49913e-03   5.94972e-06
  7.85187e-03   4.67953e-03   4.66633e-03  -2.67899e-03  -5.60512e-05   4.67953e-03  -5.68344e-07
 -3.21310e-03   1.64097e-03  -8.44484e-04  -1.52233e-03  -5.18665e-06   1.64097e-03  -6.38356e-06
  8.28776e-03  -3.03417e-04  -3.77061e-03  -5.99272e-05   1.99528e-05  -3.03417e-04   1.19836e-05
  5.39917e-03   4.12033e-04  -4.25777e-03  -5.21702e-04   1.76406e-05   4.12033e-04   1.62881e-06
  9.10451e-03   6.04047e-03   2.09216e-03  -6.38637e-03  -3.75148e-05   6.04047e-03  -1.75714e-06
 -2.85034e-03  -1.51981e-03   1.49110e-03   1.05884e-03  -1.94197e-06  -1.51981e-03  -4.42249e-06
 -1.63955e-02  -6.43729e-03   1.25862e-04   4.23886e-03   3.63752e-05  -6.43729e-03  -8.76945e-06
  2.31949e-03  -2.06946e-03   7.62066e-03  -1.59642e-04  -1.91909e-05  -2.06946e-03   8.83910e-07
 -3.66775e-03  -3.65093e-03   4.38747e-05   1.11880e-03   2.36624e-05  -3.65093e-03  -7.74145e-06
 -1.00630e-02  -9.24849e-03   1.14787e-02   1.60855e-03   1.54248e-05  -9.24849e-03  -1.32579e-05
 -1.19842e-02  -2.47874e-03   3.23372e-03   5.60797e-05   9.80138e-06  -2.47874e-03  -7.84075e-06
 -9.28926e-03  -2.68215e-04   3.06383e-04   4.95207e-04   2.22671e-06  -2.68215e-04   1.26184e-06
  1.07575e-02   9.73408e-04  -1.50099e-03  -1.52347e-03   3.80682e-06   9.73408e-04  -2.03170e-07
 -3.26295e-03  -8.73214e-03   6.22916e-03   9.85760e-04   3.71988e-05  -8.73214e-03  -1.95387e-05
  3.13042e-05  -7.01187e-03   1.03780e-02  -8.13597e-05   6.30001e-06  -7.01187e-03  -1.41364e-05
  3.85710e-04  -4.00803e-03   2.85544e-03  -4.58086e-05   1.88381e-05  -4.00803e-03  -6.81119e-06
 -4.48648e-03   1.51955e-03  -3.99638e-03  -3.53034e-04   1.04854e-05   1.51955e-03  -7.35098e-06
  6.21869e-03   1.00782e-03  -2.43615e-03  -3.45379e-04   6.64897e-06   1.00782e-03   4.03387e-07
 -5.10435e-03  -9.00954e-03   1.54754e-02  -1.42662e-03   6.33582e-06  -9.00954e-03  -2.25402e-05
 -3.90276e-03  -1.88236e-03  -3.02161e-03   1.23345e-03   2.66227e-05  -1.88236e-03  -6.96637e-06
 -4.20502e-03   8.57782e-03  -4.94437e-03   1.51813e-03  -5.49266e-05   8.57782e-03   2.74394e-05
  2.08972e-04   2.94137e-03  -6.89085e-03  -1.88055e-03   1.64686e-05   2.94137e-03  -7.23432e-06
 -1.00959e-02  -1.32755e-02   1.46940e-02  -1.05748e-03   4.81878e-05  -1.32755e-02  -3.19141e-05
  1.43302e-02   2.08167e-03  -4.72307e-03  -2.46499e-04   5.57956e-06   2.08167e-03   1.23174e-05
  5.72243e-03   7.39070e-03  -8.81139e-03  -1.95011e-04  -1.91297e-05   7.39070e-03   1.43716e-05
 -7.98644e-03   3.88730e-04  -5.19120e-03   1.24285e-03   1.53557e-05   3.88730e-04  -1.55901e-06
 -2.83931e-03  -9.68098e-05   2.95400e-03  -2.47270e-04  -1.23233e-05  -9.68098e-05  -1.54338e-06
 -2.37258e-04   5.21842e-03  -4.23209e-03  -1.01337e-04  -2.26671e-05   5.21842e-03   2.42969e-06
 -3.06415e-03  -2.82866e-03   8.27181e-03   1.89756e-04  -1.85170e-05  -2.82866e-03  -4.05308e-06
  2.33988e-03   4.68873e-03  -7.71360e-03   9.40445e-04  -8.06946e-06   4.68873e-03   1.09406e-05
 -1.22998e-02  -4.55207e-03   5.39067e-03  -8.28934e-04   1.84260e-05  -4.55207e-03  -1.60197e-05
  4.99883e-03   3.67593e-03  -6.05506e-03   9.37334e-04  -7.06506e-06   3.67593e-03   1.16145e-05
  4.34893e-03  -5.01789e-04   3.95003e-03  -1.20744e-03  -8.94852e-06  -5.01789e-04  -3.57782e-06
 -5.16467e-03   4.56622e-03  -1.07207e-02   4.31158e-04   9.78973e-06   4.56622e-03  -2.16474e-06
  1.10403e-03   4.64098e-03  -3.20899e-03   1.11708e-04  -2.56031e-05   4.64098e-03   9.65263e-06
 -4.10679e-03  -1.12606e-02   1.23907e-02   1.02132e-04   3.69308e-05  -1.12606e-02  -2.17557e-05
  3.14910e-03   6.96923e-03  -1.04808e-02   8.15919e-05  -8.71184e-06   6.96923e-03   1.75414e-05
 -3.89983e-03   1.06961e-03  -1.91981e-03  -1.21898e-04   7.87057e-07   1.06961e-03  -2.39592e-06
 -3.89754e-03   1.17055e-02  -1.59509e-02   2.61526e-04  -2.48915e-05   1.17055e-02   8.72282e-06
 -7.37289e-03   3.88431e-03  -3.70942e-03   5.99111e-04  -1.83897e-05   3.88431e-03   3.17443e-06
  3.85907e-03  -1.92969e-03   8.63373e-03  -2.33812e-05  -2.53033e-05  -1.92969e-03   7.64505e-06
 -2.59777e-03  -4.12880e-03   2.35425e-03   5.32888e-04   2.06518e-05  -4.12880e-03  -6.54226e-06
 -1.96853e-03  -6.15675e-03   1.13027e-02  -1.98787e-04  -5.35690e-07  -6.15675e-03  -5.66654e-06
  7.67387e-03  -5.49123e-03   9.57694e-03  -2.55309e-04   3.60609e-06  -5.49123e-03   1.75003e-07
  6.26576e-03   6.84313e-04   3.26457e-04  -2.55718e-05  -6.38758e-06   6.84313e-04   8.84230e-06
 -1.00078e-03   1.84527e-03  -2.38947e-03   4.42939e-04  -6.94334e-06   1.84527e-03  -1.12587e-06
 -7.84194e-03   6.99620e-03  -9.46424e-03   6.48748e-04  -1.80556e-05   6.99620e-03   3.25106e-06
  4.99269e-03  -3.55445e-03   9.71353e-03  -3.64911e-05  -1.55770e-05  -3.55445e-03   6.83819e-07
 -3.53939e-03  -1.50581e-03   1.34091e-03   1.43729e-04   6.23958e-06  -1.50581e-03  -4.72605e-06
 -1.97495e-03  -2.58043e-03   1.03977e-03  -2.54282e-05   1.76426e-05  -2.58043e-03  -5.94898e-06
  2.51254e-03  -7.69072e-03   1.55518e-02   1.38195e-04  -8.27311e-06  -7.69072e-03  -9.75456e-07
 -3.72056e-03   4.28591e-03  -9.70441e-03   1.55075e-05   1.16279e-05   4.28591e-03   6.57154e-07
  8.36516e-03  -7.26751e-03   1.40197e-02  -5.84043e-04  -2.50888e-06  -7.26751e-03  -7.54170e-07
  2.43872e-03  -4.75764e-03   1.13197e-02   2.07670e-05  -1.40147e-05  -4.75764e-03   1.06788e-06
  9.90111e-04   6.18876e-03  -1.06161e-02  -5.40514e-04   7.43298e-07   6.18876e-03   1.79964e-06
  1.55212e-03   1.08141e-03  -2.80881e-03   6.47586e-05   4.19661e-06   1.08141e-03   9.67924e-06
  5.08288e-03  -2.16935e-03   3.56695e-03  -2.46973e-04   2.20412e-06  -2.16935e-03   1.21352e-06
  8.94250e-04  -2.62325e-03   3.15628e-03  -3.03214e-04   8.79477e-06  -2.62325e-03  -5.31012e-06
 -2.30895e-03  -2.56852e-03   7.21300e-04   5.29182e-04   1.57450e-05  -2.56852e-03   1.70949e-06
 -3.52558e-03  -8.03769e-03   1.55087e-02  -6.01321e-05  -6.74952e-06  -8.03769e-03  -1.37622e-05
  1.07945e-03  -5.37843e-05  -5.75397e-04  -6.75635e-05   3.59977e-06  -5.37843e-05  -1.41911e-06
 -9.83000e-04   3.59723e-03  -6.55872e-03  -2.73304e-04   2.22988e-06   3.59723e-03  -2.74498e-06
  2.34869e-03   4.28081e-03  -8.69781e-03  -1.51045e-04   6.47625e-06   4.28081e-03  -4.61631e-06
  6.21387e-03  -7.78252e-04   1.71859e-03  -5.44743e-05  -1.17400e-06  -7.78252e-04   5.96994e-06
  8.14931e-04   1.23393e-03  -2.18339e-03   1.30586e-04  -3.03619e-07   1.23393e-03   7.69747e-06
 -9.62793e-03   3.44302e-03  -9.76887e-03   2.61866e-04   1.73599e-05   3.44302e-03  -5.84764e-06
 -4.43206e-03   1.53256e-03  -1.68580e-03  -4.91128e-05  -4.86310e-06   1.53256e-03  -6.02427e-06
 -4.11664e-03  -1.72722e-03   7.77896e-03   3.55545e-04  -2.48604e-05  -1.72722e-03  -5.36444e-06
  2.68763e-03  -3.77063e-03   9.32647e-03  -3.14612e-04  -1.21193e-05  -3.77063e-03  -4.14521e-06
 -1.06824e-03  -6.24905e-04  -9.20842e-04   9.53023e-05   9.47784e-06  -6.24905e-04   3.52271e-06
 -2.34237e-03   3.77170e-03  -7.02830e-03   1.78265e-04   3.81940e-07   3.77170e-03   2.78854e-06
 -6.17111e-05   3.51945e-04  -3.99652e-03  -2.87789e-04   1.76155e-05   3.51945e-04   2.47449e-06
 -7.98249e-03   1.04152e-03  -3.19582e-03   1.24302e-04   6.53574e-06   1.04152e-03  -8.01396e-06
  1.15128e-03   5.38113e-03  -9.19967e-03  -2.68964e-04  -3.22432e-07   5.38113e-03   4.83495e-06
  7.57801e-03  -2.59684e-03   5.63820e-03  -6.82074e-04  -1.96935e-06  -2.59684e-03   7.63555e-06
  2.53916e-03   1.05886e-03  -1.48424e-03  -1.34417e-04  -1.53468e-06   1.05886e-03   9.05709e-06
  4.26347e-03  -2.95691e-03   6.08418e-03  -3.58812e-04  -2.69687e-06  -2.95691e-03  -1.92438e-06
  7.66371e-03  -5.91574e-03   1.00512e-02  -2.79101e-04   2.82328e-06  -5.91574e-03   1.50833e-07
  1.14811e-03   2.12403e-03  -2.72325e-03  -6.76714e-04  -1.95841e-06   2.12403e-03   8.49417e-06
 -5.32327e-03   3.43355e-03  -5.83180e-03   1.97041e-04  -1.70452e-06   3.43355e-03  -6.18042e-06
  1.29912e-03  -2.83784e-03   6.95624e-03   7.06967e-04  -1.29451e-05  -2.83784e-03  -6.64891e-06
 -9.10239e-04   4.52036e-03  -8.56055e-03   1.74049e-04   2.33969e-06   4.52036e-03   2.86525e-06
  4.86213e-03  -4.62100e-03   7.11290e-03  -3.58751e-04   6.71491e-06  -4.62100e-03   3.12116e-07
 -1.31157e-03   7.37209e-04  -3.35916e-03   4.88093e-04   7.39723e-06   7.37209e-04   5.43778e-07
 -7.01120e-03   6.28318e-03  -1.10908e-02   6.19904e-05   2.89748e-07   6.28318e-03   6.64139e-07
  1.63110e-03  -3.60521e-03   8.34168e-03  -2.13519e-04  -8.64166e-06  -3.60521e-03  -7.77754e-06
  7.01764e-03  -3.71141e-03   8.76770e-03  -7.90216e-05  -1.06529e-05  -3.71141e-03  -3.55620e-06
 -2.32854e-05  -3.74116e-04   1.17762e-03  -1.04057e-05  -2.64282e-06  -3.74116e-04  -2.43808e-06
  6.80361e-03  -5.73050e-03   9.02928e-03  -6.82924e-05   4.99682e-06  -5.73050e-03  -1.30602e-06
 -5.24250e-03  -6.01385e-03   1.21914e-02   7.33982e-04  -1.14200e-05  -6.01385e-03  -2.82171e-05
  3.77870e-04  -2.29846e-03   4.31238e-03   1.48281e-04  -2.45568e-06  -2.29846e-03  -1.22150e-05
 -7.99538e-03  -3.93070e-04   6.95423e-04  -2.10139e-04   1.42892e-06  -3.93070e-04  -1.49764e-05
  8.72509e-03  -7.01426e-03   1.10864e-02   8.92307e-05   5.18926e-06  -7.01426e-03  -2.91090e-06
 -2.92007e-03   5.47874e-03  -1.08590e-02  -7.90110e-04   1.05925e-05   5.47874e-03   9.93953e-06
  4.00631e-03  -3.46645e-03   5.65026e-03   2.27772e-05   1.71021e-06  -3.46645e-03  -8.84784e-06
  6.14792e-03  -1.85983e-03   2.70917e-03  -5.91939e-05   2.90194e-06  -1.85983e-03   8.00464e-06
 -1.07497e-02   5.57374e-03  -1.12762e-02  -1.95645e-04   8.68492e-06   5.57374e-03  -3.81083e-06
  8.96441e-03  -6.41737e-04   1.05625e-03  -5.53133e-05   7.12861e-07  -6.41737e-04   1.44039e-05
  9.75675e-03  -3.39841e-03   4.81601e-03  -1.96503e-04   6.13438e-06  -3.39841e-03   3.74034e-06
 -7.66991e-03   7.98532e-03  -1.48899e-02  -2.92988e-04   6.31132e-06   7.98532e-03   7.76741e-06
 -4.08899e-03   3.30604e-03  -5.42642e-03  -5.35037e-04   1.39696e-06   3.30604e-03   4.19757e-06
 -3.64965e-03   8.02399e-03  -1.41477e-02  -5.39704e-04   3.72278e-06   8.02399e-03   1.09207e-05
 -4.89645e-04  -1.69614e-03   2.34932e-03   2.49132e-04   1.32820e-06  -1.69614e-03  -5.04846e-06
  5.74657e-03  -8.57806e-03   1.52657e-02   5.50770e-04  -4.63205e-06  -8.57806e-03  -1.02205e-05
  8.51273e-03  -2.31534e-03   3.68488e-03  -4.78642e-05   2.15679e-06  -2.31534e-03   1.08732e-05
 -4.33067e-03   3.84243e-03  -6.91203e-03  -1.44357e-04   2.02129e-06   3.84243e-03   4.57298e-06
 -7.48056e-04   3.14836e-03  -5.26149e-03  -7.09961e-05  -3.91254e-07   3.14836e-03   5.10890e-06
 -4.38291e-03   1.40104e-03  -2.69047e-03   8.08076e-06   1.14609e-06   1.40104e-03  -4.51756e-06
  4.14857e-03   3.56814e-04  -3.76670e-05   4.94760e-05  -3.32432e-06   3.56814e-04   7.08046e-06
 -7.26308e-03   2.92309e-04  -1.24651e-03   1.03632e-04   3.29112e-06   2.92309e-04  -1.02379e-05
  5.85791e-03  -4.78044e-04   1.19476e-03   1.33095e-04  -2.34470e-06  -4.78044e-04   5.78311e-06
  3.48642e-03  -3.63179e-05  -2.85329e-04   1.83650e-04   5.95673e-07  -3.63179e-05   1.01287e-05
  3.63241e-03   8.20124e-04  -2.54429e-03   1.16000e-04   4.52450e-06   8.20124e-04   8.99570e-06
 -2.05407e-03  -4.90978e-04   1.26117e-03  -7.06929e-05  -1.36556e-06  -4.90978e-04  -1.46115e-06
  1.37958e-03  -2.20382e-03   4.52216e-03   8.32112e-05  -3.54135e-06  -2.20382e-03  -8.10737e-07
 -4.96580e-03  -1.04844e-03   2.56970e-03   1.88691e-04  -4.43618e-06  -1.04844e-03  -1.15684e-05
 -4.74692e-03   8.96724e-04   1.35218e-04  -7.68451e-05  -7.79099e-06   8.96724e-04  -4.00899e-06
  2.54946e-03   2.08218e-03  -3.81203e-03  -5.87014e-05   8.26946e-07   2.08218e-03   8.08569e-06
  7.10024e-04   2.63185e-03  -4.61938e-03  -3.17743e-04   1.89627e-06   2.63185e-03   9.48343e-06
  3.19494e-03  -5.82354e-04   6.93178e-04   8.84831e-05   1.36824e-06  -5.82354e-04   4.09041e-06
 -1.93186e-03  -9.37192e-04   2.24595e-03  -3.92108e-05  -2.55559e-06  -9.37192e-04  -4.24684e-06
  2.73402e-03  -1.15046e-04   3.00248e-04   7.14538e-05  -6.59348e-07  -1.15046e-04   8.09806e-06
 -2.33191e-03   1.00975e-03  -1.89612e-03  -3.39644e-05   7.57492e-07   1.00975e-03  -5.93811e-06
  4.86258e-03  -1.32233e-05  -1.14616e-03   1.08982e-04   5.28976e-06  -1.32233e-05   9.58335e-06
  2.54807e-03   5.45866e-04  -7.03649e-04  -1.69122e-04  -3.15338e-07   5.45866e-04   9.09404e-06
 -2.04909e-03  -1.04017e-03   1.94151e-03   1.27044e-06  -8.16565e-07  -1.04017e-03  -4.33886e-06
 -9.12462e-03   2.03838e-03  -1.96133e-03  -2.19947e-04  -6.56227e-06   2.03838e-03  -9.42751e-06
  3.08124e-03   2.50996e-04   2.46420e-04  -1.54952e-04  -2.37385e-06   2.50996e-04   8.65178e-06
  2.33956e-03  -1.95698e-03   3.23578e-03   2.04120e-04  -5.91110e-08  -1.95698e-03   5.20206e-06
  4.41508e-03   4.89680e-04  -1.96851e-03   6.93917e-05   5.08505e-06   4.89680e-04   8.19387e-06
  8.50051e-04  -3.76453e-04   2.94302e-04   1.99099e-04   7.37034e-07  -3.76453e-04  -5.28541e-06
  2.40937e-03   9.52042e-04  -2.99356e-03  -5.25364e-05   6.60137e-06   9.52042e-04   8.39300e-06
  2.17056e-03   1.12604e-03  -1.27810e-03  -1.40845e-04  -2.79834e-06   1.12604e-03   6.83591e-06
 -7.69143e-04  -1.32454e-03   2.44473e-03   8.84358e-05  -9.56649e-07  -1.32454e-03  -5.64076e-06
 -6.05043e-03  -1.69730e-03   3.18094e-03   2.23934e-04  -2.27081e-06  -1.69730e-03  -1.92484e-05
  9.09841e-04   3.29711e-04  -2.83322e-04  -8.78832e-05  -8.74256e-07   3.29711e-04   4.39698e-06
  1.67854e-03  -1.03217e-03   1.26483e-03   2.08851e-04   1.71865e-06  -1.03217e-03  -1.38923e-06
 -6.44275e-04  -3.05639e-04   7.37475e-04   1.33755e-04  -1.68558e-06  -3.05639e-04  -4.29282e-06
 -5.26818e-03   7.71120e-04  -5.21685e-04  -3.23661e-05  -3.89705e-06   7.71120e-04  -8.67240e-06
 -1.83212e-03  -7.35476e-04   5.48166e-04   2.12752e-04   2.52679e-06  -7.35476e-04  -1.15758e-05
  6.13674e-04  -7.80099e-04   1.19575e-03   1.58832e-04   3.93329e-08  -7.80099e-04  -1.80436e-06
 -1.77862e-03  -1.27817e-04   2.70647e-05   1.21124e-04   2.61783e-07  -1.27817e-04  -3.95018e-06
 -4.83719e-04   3.99032e-04  -1.07870e-03  -8.00533e-05   2.26836e-06   3.99032e-04   5.54233e-06
 -2.95318e-03  -6.92213e-04   1.16295e-03   2.11457e-05   1.77313e-07  -6.92213e-04  -8.59720e-06
 -1.45222e-03   3.89116e-05   1.06883e-04  -2.82636e-05  -8.37979e-07   3.89116e-05  -3.61863e-06
 -4.98848e-04   1.71218e-03  -2.69896e-03  -2.04602e-04  -5.54816e-07   1.71218e-03   1.01965e-05
 -5.55363e-03  -1.39863e-04   1.09791e-04   1.68842e-04  -2.32476e-07  -1.39863e-04  -1.41580e-05
 -4.98636e-03  -1.33213e-03   1.93989e-03   2.11985e-04   8.20472e-07  -1.33213e-03  -1.97801e-05
  3.00951e-03   2.03026e-04  -1.13290e-04   7.61763e-06  -9.92235e-07   2.03026e-04   9.39678e-06
  1.37830e-03   3.84498e-04  -5.15239e-04   4.79089e-05  -8.85182e-07   3.84498e-04   4.03420e-06
  1.78925e-03  -3.09324e-04   2.09830e-04   1.06554e-04   9.45166e-07  -3.09324e-04   4.03575e-06
  9.00327e-04  -4.10824e-05   6.49057e-06   6.26355e-05   1.18476e-08  -4.10824e-05   6.06506e-07
 -8.71304e-04  -5.97806e-04   4.78079e-04  -3.61960e-05   2.81933e-06  -5.97806e-04  -4.52975e-06
 -1.80451e-03   1.03574e-03  -1.63334e-03  -2.28401e-05  -7.04345e-07   1.03574e-03  -7.85787e-06
  2.38959e-03   9.62356e-05  -2.30766e-04   4.64849e-05   6.17388e-08   9.62356e-05   3.34252e-06
 -2.84592e-04   9.89634e-04  -1.10743e-03  -8.02394e-05  -2.69249e-06   9.89634e-04   7.60597e-06
  1.17141e-03  -4.93316e-04   1.09508e-03  -3.97842e-05  -8.01613e-07  -4.93316e-04  -1.56308e-07
 -2.05187e-03  -7.12270e-04   1.07638e-03   5.51240e-05   4.05866e-07  -7.12270e-04  -5.29945e-06
  2.55735e-03  -1.43684e-04  -3.02026e-04   1.20098e-05   2.58156e-06  -1.43684e-04   5.51674e-06
  1.84153e-03  -1.00074e-04   1.91000e-04  -7.46585e-05   2.20946e-07  -1.00074e-04   4.98255e-06
  2.15769e-03  -7.15389e-04   1.08454e-03   2.02656e-06   7.18355e-07  -7.15389e-04   6.91156e-06
  1.21367e-03  -3.06861e-04   1.03204e-03  -2.11656e-05  -2.32517e-06  -3.06861e-04   4.88042e-06
  1.99191e-03   2.51619e-04  -2.90796e-04   2.27317e-06  -8.01379e-07   2.51619e-04   1.08204e-05
  8.68608e-04  -9.26673e-04   1.28565e-03  -8.11656e-06   1.72742e-06  -9.26673e-04  -8.32735e-06
  7.36080e-04   4.77935e-04  -6.09780e-04   3.11454e-06  -1.10179e-06   4.77935e-04   3.80316e-06
  9.16384e-04   3.15584e-04  -5.32791e-04  -8.10952e-05   2.92535e-07   3.15584e-04  -6.03751e-07
  1.39937e-03  -3.44187e-04   8.97971e-04  -3.78887e-05  -1.37610e-06  -3.44187e-04   6.29300e-06
 -1.58089e-04   1.29934e-04  -5.29093e-04  -4.24859e-05   1.63461e-06   1.29934e-04   2.55967e-06
 -5.65628e-04  -8.53063e-05   2.94000e-04  -1.02965e-04  -1.13710e-07  -8.53063e-05  -2.00576e-06
 -5.19958e-04   3.13663e-04   1.51091e-04  -1.13250e-05  -3.45821e-06   3.13663e-04   5.39950e-06
 -4.47704e-04   3.42066e-04  -5.25382e-04  -3.01671e-05  -2.24612e-07   3.42066e-04   2.85741e-06
  4.87690e-04  -1.11115e-03   1.55632e-03   1.88305e-04   1.06948e-06  -1.11115e-03  -5.18210e-06
  8.31972e-04   2.51606e-04  -3.82413e-04  -5.97530e-05   5.03733e-08   2.51606e-04  -2.93568e-06
 -1.86651e-03  -3.40986e-04   6.80470e-04   3.50177e-05  -4.88015e-07  -3.40986e-04  -1.06185e-05
  9.33107e-04   4.40673e-04  -5.82152e-04  -1.21684e-05  -7.99977e-07   4.40673e-04  -1.64331e-06
  9.57415e-06  -4.76285e-04   7.35382e-04   2.98721e-05   2.52163e-07  -4.76285e-04   8.27389e-06
 -1.98170e-03   1.06170e-03  -1.70194e-03  -1.84309e-04   3.67080e-08   1.06170e-03   1.21008e-06
  4.12752e-04   4.36521e-04  -9.85335e-04  -4.34913e-06   1.15850e-06   4.36521e-04   1.98415e-06
 -9.98730e-04  -2.00584e-04   4.46920e-04   2.00407e-05  -5.83136e-07  -2.00584e-04  -5.45364e-06
  3.90710e-04  -8.64634e-05   3.31012e-05  -1.31150e-05   7.11972e-07  -8.64634e-05   1.51761e-06
  1.60215e-04  -5.83307e-04   8.89929e-04   3.71452e-05   3.60708e-07  -5.83307e-04   7.19795e-06
  5.36403e-04  -2.24701e-04   4.84493e-04   1.52451e-07  -4.91711e-07  -2.24701e-04   5.17194e-06
  8.87584e-04  -5.48738e-04   1.14669e-03   3.88482e-05  -1.10747e-06  -5.48738e-04  -3.41727e-06
 -6.44390e-04   4.13549e-04  -7.42210e-04  -5.56883e-06   1.15997e-07   4.13549e-04  -5.91606e-07
 -2.47166e-03   7.20080e-04  -1.45239e-03  -3.08835e-05   1.03512e-06   7.20080e-04  -5.76739e-07
 -1.34444e-03   7.56525e-04  -1.14487e-03  -1.00432e-04  -3.52407e-07   7.56525e-04  -3.88090e-06
 -6.60679e-04   2.84033e-04  -3.51232e-04  -7.03726e-05  -3.34824e-07   2.84033e-04   1.56980e-06
 -2.77177e-04   3.76587e-04  -7.99047e-04  -6.23132e-05   1.03656e-06   3.76587e-04   6.00034e-06
 -9.50175e-04  -2.29950e-04   4.50771e-04   2.14496e-05  -5.21488e-07  -2.29950e-04   3.21629e-06
  1.83345e-03  -7.97074e-04   1.18266e-03   9.77543e-05   5.91387e-07  -7.97074e-04   1.78366e-06
 -4.28242e-03   4.02279e-04  -7.63914e-04  -1.62845e-05   2.87929e-07   4.02279e-04  -8.73678e-07
 -9.37719e-04   9.99110e-05  -1.25889e-04   5.63187e-06  -2.56812e-07   9.99110e-05  -3.99591e-07
 -1.51318e-03   9.08038e-05  -4.83927e-05  -2.19707e-05  -4.46613e-07   9.08038e-05   1.68902e-06
  1.00769e-04   3.55695e-04  -7.06918e-04  -5.40823e-05   6.67549e-07   3.55695e-04   2.33848e-06
 -1.74081e-04   2.76940e-04  -5.43769e-04   1.12298e-05   3.17119e-07   2.76940e-04  -6.93252e-07
 -8.42219e-04  -1.47065e-05   4.76597e-05   3.46791e-06  -1.30319e-07  -1.47065e-05  -3.23176e-06
  3.13752e-04  -1.34321e-04   1.44472e-04  -6.26264e-08   3.51334e-07  -1.34321e-04   5.13127e-06
  4.33421e-04   3.38382e-04  -6.41873e-04  -2.70194e-05   4.06359e-07   3.38382e-04   4.98097e-08
 -3.53877e-04   4.92095e-04  -1.13777e-03   1.70777e-05   1.28553e-06   4.92095e-04  -4.15754e-06
  1.85349e-03  -7.46048e-04   1.36120e-03   6.69818e-05  -6.27936e-07  -7.46048e-04  -1.79322e-06
  1.05951e-03  -2.91489e-04   3.44295e-04   5.84900e-05   4.61441e-07  -2.91489e-04   4.17456e-06
 -6.68969e-04  -4.54425e-04   5.96320e-04   1.04551e-04   4.34179e-07  -4.54425e-04  -2.70568e-06
 -5.89626e-05   7.26787e-05   1.76469e-04  -4.87597e-05  -1.16374e-06   7.26787e-05  -4.26394e-06
  1.17080e-03  -4.08999e-04   5.35820e-04   6.80972e-05   5.40648e-07  -4.08999e-04   5.07464e-07
 -1.08159e-03   6.76818e-04  -6.80822e-04  -1.92757e-04  -1.47326e-06   6.76818e-04   1.73230e-06
  1.57338e-04  -9.85535e-05   3.18649e-04  -3.58355e-05  -5.36176e-07  -9.85535e-05   3.63328e-06
  6.08393e-04   3.48153e-04  -5.59769e-04  -7.76795e-05   1.48028e-07   3.48153e-04   5.95620e-06
 -1.51100e-03   8.45590e-04  -1.54709e-03  -4.24133e-05   4.57450e-07   8.45590e-04   6.02019e-07
 -2.92399e-04   1.86601e-04   1.21135e-05  -1.24646e-05  -1.56556e-06   1.86601e-04  -7.29309e-06
 -3.20454e-04  -2.94475e-04   3.55399e-04   3.16021e-06   7.52277e-07  -2.94475e-04   1.30670e-06
  1.31670e-03  -3.33745e-05  -1.77654e-04   8.23312e-05   7.24351e-07  -3.33745e-05   1.82156e-06
  6.86722e-04  -5.81691e-04   1.01010e-03   3.56669e-05  -1.29469e-07  -5.81691e-04  -3.65448e-06
  3.31575e-04   4.77971e-04  -8.03665e-04  -3.65403e-05   1.97994e-08   4.77971e-04   1.33273e-06
 -8.83377e-04  -1.45456e-04   1.64400e-04   4.32784e-05   2.14839e-07  -1.45456e-04  -4.32029e-06
 -4.17664e-04   1.16387e-04  -4.75848e-04   4.07304e-05   1.13198e-06   1.16387e-04  -5.06800e-06
 -8.92162e-04   2.03614e-04  -1.03139e-04  -5.41074e-05  -1.00800e-06   2.03614e-04   7.45603e-06
 -7.93814e-04   2.40185e-04  -4.85693e-04   8.60174e-06   2.50945e-07   2.40185e-04  -2.23959e-06
 -1.30395e-04  -5.17775e-05   9.14615e-05   1.53206e-05  -9.35354e-08  -5.17775e-05  -2.22465e-06
 -3.28837e-04   7.93875e-05  -1.02165e-04  -2.72549e-05  -3.04542e-08   7.93875e-05  -5.36267e-06
  8.28705e-04   4.14775e-05  -2.07380e-04  -3.90644e-05   8.66555e-07   4.14775e-05  -1.37030e-06
 -6.40114e-04   4.42171e-05   2.89645e-05  -5.61210e-07  -5.22928e-07   4.42171e-05  -1.07387e-07
 -1.25026e-03   9.98405e-05  -3.22363e-04  -2.36647e-05   8.76368e-07   9.98405e-05   1.50218e-06
 -8.65623e-04  -1.49401e-04   4.48822e-04   1.72841e-05  -9.87267e-07  -1.49401e-04  -4.99265e-06
  2.08402e-03   4.51091e-06  -3.26634e-05  -6.77724e-06   2.30098e-07   4.51091e-06  -5.24067e-06
  5.67117e-04   1.56706e-04  -3.44406e-04  -5.91294e-05   6.56021e-07   1.56706e-04   6.97826e-06
 -4.94170e-04   1.08931e-04  -2.74921e-04  -2.01909e-05   5.13620e-07   1.08931e-04   2.17505e-06
 -7.65998e-04   1.80270e-06   5.30360e-05   5.43836e-06  -3.15400e-07   1.80270e-06   7.09863e-06
  3.02003e-04   1.59679e-04  -1.34746e-04  -2.48377e-05  -5.90057e-07   1.59679e-04   6.63612e-06
  6.71408e-04  -9.71729e-05   2.09885e-04   1.39977e-05  -2.59461e-07  -9.71729e-05   4.35163e-07
  2.16249e-03  -1.78535e-04   2.20845e-04  -1.00143e-06   4.01330e-07  -1.78535e-04   5.42422e-06
 -9.90660e-04  -9.32092e-05   1.84545e-04   3.40061e-06  -1.77148e-07  -9.32092e-05   5.94149e-06
 -1.73976e-04   1.01206e-04  -8.15573e-05  -3.16814e-05  -3.29503e-07   1.01206e-04   1.92773e-06
 -2.05068e-04   9.63015e-05  -6.51869e-05  -2.54042e-05  -3.82055e-07   9.63015e-05   3.56220e-06
 -3.09759e-04  -1.34375e-04   3.29506e-04   2.54357e-05  -6.14377e-07  -1.34375e-04  -6.87878e-06
 -1.58175e-04  -2.18400e-05  -2.11599e-07   1.88230e-05   1.09609e-07  -2.18400e-05  -5.78356e-07
 -5.80207e-04   2.16978e-04  -5.33165e-04  -1.98393e-05   8.65040e-07   2.16978e-04   2.81039e-06
  3.48046e-04  -1.25760e-04   1.24093e-04  -2.59458e-05   6.00242e-07  -1.25760e-04   4.48443e-06
 -7.28687e-04   1.20510e-04  -1.52903e-04  -2.94202e-05  -1.24040e-07   1.20510e-04   1.74787e-06
 -1.07994e-05  -9.38589e-05   8.06570e-05   1.59400e-05   2.86529e-07  -9.38589e-05   1.71667e-06
  1.13249e-03  -1.38064e-04   2.10439e-04   2.87954e-05  -3.67883e-09  -1.38064e-04  -2.85041e-06
 -7.59754e-04   5.04822e-05  -1.65438e-05  -1.83297e-05  -2.53878e-07   5.04822e-05   5.99372e-07
 -1.20168e-04  -1.88058e-05   4.36449e-05  -7.99296e-06  -9.54116e-09  -1.88058e-05  -2.85751e-06
  4.24620e-04   2.91120e-05  -5.87854e-06  -2.85545e-05  -6.72152e-08   2.91120e-05   8.66777e-07
 -1.43049e-03   1.45348e-04  -1.57895e-04  -7.65055e-07  -4.74305e-07   1.45348e-04  -6.83139e-06
  1.58324e-03  -1.03513e-04   2.56329e-04   7.73687e-06  -4.69663e-07  -1.03513e-04   3.68202e-06
  5.08619e-06  -1.50688e-04   2.33117e-04   3.96595e-06   1.30425e-07  -1.50688e-04   2.49316e-06
 -7.05110e-04  -1.80600e-05  -2.98026e-05  -1.93707e-05   4.01089e-07  -1.80600e-05  -1.93711e-06
