 -6.42360e-01   1.62904e+00   5.43083e-01  -9.04277e-01  -1.82014e-02   1.62904e+00  -2.72191e-03 
  1.46256e+00  -3.76000e+00  -1.23061e+00   2.07309e+00   4.16720e-02  -3.76000e+00   6.23446e-03 
  1.19899e+00  -2.33885e+00  -1.21091e+00   1.47915e+00   3.30370e-02  -2.33885e+00   4.48605e-03 
 -1.79301e+00   2.73624e+00   1.99557e+00  -1.99158e+00  -4.78094e-02   2.73624e+00  -6.08742e-03 
 -2.23453e-01   6.35518e-02   3.09180e-01  -1.67647e-01  -5.26906e-03   6.35518e-02  -5.34860e-04 
 -1.44349e-01  -3.51388e-01   2.65905e-01  -5.66084e-03  -1.97883e-03  -3.51388e-01  -6.10280e-05 
  2.02258e-01   4.27299e-01  -3.71579e-01   2.00237e-02   3.25140e-03   4.27299e-01   1.23882e-04 
 -6.38530e-02   2.21782e-02   8.00789e-02  -5.53882e-02  -1.35949e-03   2.21782e-02  -1.77671e-04 
 -3.55323e-01  -1.05432e-01   5.26838e-01  -2.47714e-01  -7.44383e-03  -1.05432e-01  -8.26142e-04 
 -3.42625e-01   9.38714e-02   4.88928e-01  -2.89669e-01  -8.08864e-03   9.38714e-02  -9.40002e-04 
 -1.95542e-01   3.97364e-01   2.28214e-01  -2.53976e-01  -5.94323e-03   3.97364e-01  -7.79402e-04 
  1.47229e-01  -3.98907e-01  -1.53210e-01   2.46750e-01   4.27757e-03  -3.98907e-01   7.47868e-04 
  4.14285e-01  -1.29598e+00  -4.40133e-01   5.95706e-01   1.54243e-02  -1.29598e+00   1.80395e-03 
  3.37606e-02  -2.91275e-01  -1.33297e-02   8.89495e-02   1.95299e-03  -2.91275e-01   2.52596e-04 
  1.09504e-01  -6.77866e-01  -6.79608e-02   2.32609e-01   5.44532e-03  -6.77866e-01   6.81614e-04 
 -2.90256e-01   1.74551e+00   2.51959e-01  -5.47878e-01  -1.58207e-02   1.74551e+00  -1.61533e-03 
 -3.46329e-01   2.24909e+00   2.82409e-01  -6.46241e-01  -2.00085e-02   2.24909e+00  -1.89281e-03 
 -1.40536e-01   7.99090e-01   1.08207e-01  -2.71114e-01  -6.91806e-03   7.99090e-01  -7.96699e-04 
 -9.91331e-02   6.99881e-01   4.49522e-02  -2.42605e-01  -5.15513e-03   6.99881e-01  -7.12175e-04 
 -9.73093e-02   7.58123e-01   8.03863e-02  -2.04864e-01  -6.65923e-03   7.58123e-01  -6.07033e-04 
  4.71821e-02  -5.49324e-01  -2.54205e-02   1.15072e-01   4.35527e-03  -5.49324e-01   3.37248e-04 
 -2.29393e-02   1.96041e-01   2.17473e-02  -5.64949e-02  -1.76951e-03   1.96041e-01  -1.68866e-04 
 -9.90918e-02   2.92684e+00   1.60647e-03  -5.19887e-01  -2.21349e-02   2.92684e+00  -1.48254e-03 
 -4.44488e-02   1.59113e+00   3.09210e-02  -1.43682e-01  -1.35549e-02   1.59113e+00  -4.07049e-04 
 -6.29723e-02   2.16835e-01  -5.71632e-03  -2.36853e-01   1.38062e-05   2.16835e-01  -7.06186e-04 
 -1.55522e-01   1.73705e+00  -2.68246e-02  -6.99139e-01  -9.54918e-03   1.73705e+00  -2.05034e-03 
  1.11418e-01   7.38484e-02   1.93444e-02   4.16869e-01  -4.26593e-03   7.38484e-02   1.25494e-03 
  2.06982e-03  -4.64368e-01   1.80287e-02   1.07130e-01   2.97908e-03  -4.64368e-01   3.10345e-04 
 -1.33069e-02   1.24252e+00  -3.43382e-02  -2.85999e-01  -8.26277e-03   1.24252e+00  -8.25074e-04 
 -5.13254e-02  -1.75826e+00   4.20081e-02   1.04056e-01   1.42018e-02  -1.75826e+00   2.62230e-04 
  3.73095e-02   6.70099e-01   7.32893e-03   1.36483e-01  -7.35462e-03   6.70099e-01   4.18134e-04 
 -5.25584e-02  -9.38182e-01   4.40761e-02   2.12744e-02   7.48139e-03  -9.38182e-01   4.98235e-05 
 -5.12554e-02   5.17803e-01  -1.52992e-02  -2.34875e-01  -2.41173e-03   5.17803e-01  -6.99397e-04 
 -8.39399e-02   6.45873e-02  -1.38689e-02  -2.68357e-01   1.89741e-03   6.45873e-02  -8.08971e-04 
  9.00050e-02  -5.25204e-01   3.18351e-02   3.14986e-01   1.68405e-03  -5.25204e-01   9.49323e-04 
 -7.17746e-02   2.22175e-01  -3.72108e-02  -2.15607e-01   3.26729e-04   2.22175e-01  -6.73085e-04 
  1.21569e-01   5.74853e-01  -5.29026e-02   3.39115e-01  -7.01419e-03   5.74853e-01   1.01845e-03 
  2.98614e-03  -8.29415e-02  -1.71369e-02   5.97816e-02   6.07358e-04  -8.29415e-02   1.68595e-04 
  1.02106e-01   1.79819e-01  -1.14308e-01   3.62415e-01  -2.64849e-03   1.79819e-01   1.01528e-03 
 -5.39305e-02   1.85509e-01   3.92134e-02  -2.42133e-01  -3.89546e-04   1.85509e-01  -6.70905e-04 
 -9.64486e-03  -3.09549e-02  -4.95200e-02  -1.39434e-02   1.20786e-03  -3.09549e-02  -7.41226e-05 
  5.12679e-03  -5.38911e-03  -2.03818e-02   4.33482e-02  -1.62089e-04  -5.38911e-03   1.33787e-04 
  8.56747e-02  -8.03494e-02  -3.25716e-02   2.21658e-01  -4.24057e-04  -8.03494e-02   6.52476e-04 
 -7.03617e-03   3.21182e-01   1.78542e-02  -9.48087e-02  -2.41200e-03   3.21182e-01  -2.34229e-04 
  1.50462e-02   4.11589e-01   4.70619e-02  -1.34396e-01  -3.45935e-03   4.11589e-01  -3.44139e-04 
  2.11437e-02  -6.25925e-02  -1.44631e-02   5.54205e-02   3.69748e-04  -6.25925e-02   1.62082e-04 
  1.40214e-02  -3.78654e-01  -2.37874e-02   1.37354e-01   2.66412e-03  -3.78654e-01   3.70948e-04 
 -8.99123e-03   1.54207e-01   1.84563e-02  -3.13671e-02  -1.33733e-03   1.54207e-01  -8.89237e-05 
  6.29753e-03  -6.54942e-01  -3.86002e-02   2.75103e-01   4.53572e-03  -6.54942e-01   7.38241e-04 
 -1.08814e-02   2.28176e-01   2.32628e-03  -5.17435e-02  -1.49593e-03   2.28176e-01  -1.66310e-04 
 -3.19188e-02  -1.99761e-01  -9.81326e-03   7.96011e-02   1.53569e-03  -1.99761e-01   1.96484e-04 
 -2.31355e-02  -1.41786e-01   1.08250e-02   2.08186e-03   1.16091e-03  -1.41786e-01  -4.39235e-07 
 -4.38685e-02  -3.64498e-01   2.36135e-03   8.76253e-02   2.87497e-03  -3.64498e-01   1.97055e-04 
  1.00245e-01   3.77989e-01  -2.74583e-02  -5.92427e-02  -2.92715e-03   3.77989e-01  -1.23663e-04 
 -3.79341e-02   6.98081e-02   2.12327e-02  -3.90863e-02  -2.92866e-04   6.98081e-02  -1.44171e-04 
  3.92169e-02  -1.58888e-01  -2.88280e-02   1.52992e-01   6.33368e-04  -1.58888e-01   4.48829e-04 
  9.91362e-03  -2.01208e-01  -1.54707e-02   1.23054e-01   1.04254e-03  -2.01208e-01   3.68658e-04 
  3.41000e-03  -2.20272e-01  -1.02800e-02   4.31209e-02   1.61707e-03  -2.20272e-01   1.63915e-04 
 -7.69244e-02  -2.15414e-01   2.57520e-02   1.21589e-02   1.77319e-03  -2.15414e-01  -6.40409e-06 
 -1.78569e-02  -4.27570e-01  -1.30747e-03   3.83044e-02   3.41327e-03  -4.27570e-01   1.01597e-04 
  4.74260e-02   5.87818e-02  -2.56941e-02   2.78765e-02  -6.27757e-04   5.87818e-02   1.24235e-04 
 -2.50172e-02  -1.44263e-01   4.66920e-03  -1.28211e-02   1.34156e-03  -1.44263e-01  -5.41977e-05 
  6.69965e-02  -3.27534e-02  -3.41813e-02  -9.06293e-02   7.13384e-04  -3.27534e-02  -1.52684e-04 
  3.27882e-02   3.98406e-01  -5.96866e-03  -5.98622e-02  -3.09111e-03   3.98406e-01  -1.27331e-04 
 -2.39544e-03   1.43269e-01   2.08628e-03  -5.17933e-02  -8.94820e-04   1.43269e-01  -1.52601e-04 
 -1.12089e-01  -2.30781e-01   4.39835e-02   3.00047e-02   1.85729e-03  -2.30781e-01  -4.27084e-05 
 -3.54197e-02   1.98077e-01   2.66412e-02   2.60354e-02  -1.77754e-03   1.98077e-01  -1.04129e-05 
  1.21244e-02   1.16939e-01  -2.90386e-03  -3.20494e-02  -8.18933e-04   1.16939e-01  -6.69717e-05 
  1.73567e-03  -1.44827e-01  -4.97495e-03  -2.17375e-02   1.29296e-03  -1.44827e-01  -5.15230e-05 
 -5.70897e-02  -4.88845e-01   5.91686e-03   4.55250e-02   3.92824e-03  -4.88845e-01   6.19822e-05 
  2.64796e-02  -1.04649e-01  -1.87285e-02   4.09484e-02   6.77844e-04  -1.04649e-01   1.82567e-04 
  3.10567e-02   1.02478e-01  -9.93613e-03   5.30775e-03  -9.07889e-04   1.02478e-01   4.68480e-05 
 -7.36009e-02   1.54268e-01   4.97396e-02   3.38454e-02  -1.59544e-03   1.54268e-01  -6.51598e-06 
  8.60042e-03   7.70802e-02   7.11416e-03   6.88389e-03  -7.29080e-04   7.70802e-02  -1.00413e-05 
 -6.35647e-03  -5.33575e-01  -2.92832e-02  -2.46127e-02   4.72006e-03  -5.33575e-01  -2.36524e-05 
  5.28778e-03  -5.53984e-02  -4.78608e-03  -3.32601e-02   5.97379e-04  -5.53984e-02  -8.20496e-05 
  1.02882e-02   2.20851e-02  -3.61321e-03  -3.60055e-02  -1.05635e-05   2.20851e-02  -1.02715e-04 
 -3.18083e-02  -1.94152e-01   7.28704e-03   3.78850e-02   1.37588e-03  -1.94152e-01   8.58503e-05 
 -3.51224e-02   4.36822e-02   1.48616e-02   3.03790e-02  -5.50744e-04   4.36822e-02   3.33248e-05 
 -4.22489e-02  -1.08161e-01   6.54134e-03  -3.25573e-02   1.09734e-03  -1.08161e-01  -1.24921e-04 
 -1.76612e-02   1.13249e-01   1.24597e-02  -4.65189e-02  -7.06348e-04   1.13249e-01  -1.49981e-04 
  2.06445e-02  -2.10695e-03  -1.31158e-02   2.10569e-03   7.05291e-05  -2.10695e-03   5.72304e-06 
 -4.04867e-03  -3.14956e-01  -3.51748e-02  -6.97739e-03   2.80681e-03  -3.14956e-01   2.47269e-05 
  4.45170e-02  -1.68305e-01  -2.76152e-02   2.46522e-03   1.42457e-03  -1.68305e-01   7.52689e-05 
  4.54444e-02  -1.17373e-02  -3.68142e-02   1.59770e-02   1.34146e-04  -1.17373e-02   8.24584e-05 
  1.63302e-02  -2.98840e-02  -9.20788e-04   3.91609e-02   2.81321e-05  -2.98840e-02   1.23277e-04 
  2.49554e-02  -2.44934e-03  -1.46328e-02   2.15648e-02  -6.65043e-05  -2.44934e-03   6.88390e-05 
 -9.12086e-03  -1.18957e-01  -7.53336e-03  -1.89548e-02   1.15649e-03  -1.18957e-01  -3.47391e-05 
  6.11458e-03  -1.37797e-01  -1.42556e-02   2.75269e-02   1.08768e-03  -1.37797e-01   9.38392e-05 
 -5.37428e-03   7.64099e-02   2.31241e-02  -1.44890e-02  -6.37087e-04   7.64099e-02  -6.76429e-05 
 -2.29930e-02   1.13054e-01   3.48623e-02  -1.32234e-02  -1.01716e-03   1.13054e-01  -8.13899e-05 
  2.37190e-02  -1.03004e-01  -3.77638e-02  -1.73592e-02   1.10849e-03  -1.03004e-01   4.62781e-06 
 -6.28123e-03   1.88263e-01   3.35556e-02  -2.33054e-02  -1.61937e-03   1.88263e-01  -1.08957e-04 
  1.02151e-02   1.30198e-02  -1.09272e-02   4.07796e-02  -2.57704e-04   1.30198e-02   1.34076e-04 
  5.40988e-03   4.52699e-02   9.52705e-03  -1.07716e-02  -3.74166e-04   4.52699e-02  -1.70614e-05 
 -4.06508e-03  -9.67754e-02   1.46930e-02   2.68029e-02   6.16577e-04  -9.67754e-02   7.09537e-05 
  3.37499e-02   8.84600e-02  -7.47384e-03   2.30300e-03  -7.71012e-04   8.84600e-02   2.13786e-05 
  7.76438e-03   6.44911e-02   1.00881e-02  -4.01412e-02  -3.86151e-04   6.44911e-02  -1.08871e-04 
 -1.65386e-02  -1.11007e-01  -1.29872e-02   3.13621e-02   8.63631e-04  -1.11007e-01   8.21694e-05 
 -2.25315e-02  -4.34963e-02   1.74665e-03  -3.18707e-02   5.31905e-04  -4.34963e-02  -8.83982e-05 
  2.35307e-02  -1.06666e-01  -3.81621e-02  -4.46714e-03   1.07377e-03  -1.06666e-01   5.15250e-05 
 -1.16050e-02  -3.92053e-02   1.97096e-02   2.13205e-02   1.38498e-04  -3.92053e-02   2.25022e-05 
 -2.58970e-02   2.75666e-02   3.43625e-02   1.58982e-02  -4.60885e-04   2.75666e-02  -1.51140e-05 
 -1.15155e-02  -3.38722e-02   3.21680e-03   5.79410e-03   2.40716e-04  -3.38722e-02   2.59601e-06 
  1.68375e-02  -1.98616e-02  -3.72274e-02   1.80593e-03   2.97955e-04  -1.98616e-02   5.58139e-05 
  9.30634e-03   8.71786e-02   6.13800e-03  -3.04547e-02  -6.15414e-04   8.71786e-02  -7.21427e-05 
  7.55606e-03   7.97991e-02   6.99642e-03  -2.25952e-02  -6.01358e-04   7.97991e-02  -5.65751e-05 
 -6.96541e-03  -1.03679e-01  -2.93423e-02   1.01198e-02   9.53222e-04  -1.03679e-01   4.81599e-05 
  1.96528e-03   3.56279e-02   8.72867e-03  -4.11920e-03  -3.21356e-04   3.56279e-02  -6.98928e-06 
  4.08105e-03   9.70413e-03  -3.19042e-03  -2.27286e-02   4.06626e-05   9.70413e-03  -4.46126e-05 
  1.08507e-03   1.18385e-02   3.79299e-04   2.16468e-03  -1.20270e-04   1.18385e-02   1.09028e-05 
  1.72501e-02   1.31053e-01  -3.45910e-03   1.84893e-02  -1.21049e-03   1.31053e-01   8.37512e-05 
 -1.03680e-03   2.43760e-02  -1.00604e-02   3.78253e-02  -3.74859e-04   2.43760e-02   9.73921e-05 
 -3.50376e-03   7.07935e-02   1.42665e-03   1.76416e-02  -7.15213e-04   7.07935e-02   2.48212e-05 
 -1.24034e-02  -4.86472e-02   3.96688e-03  -2.40439e-03   4.28805e-04  -4.86472e-02  -2.07744e-05 
  2.02162e-02   2.44429e-02   2.39518e-02  -1.40338e-02  -2.34243e-04   2.44429e-02  -2.63814e-05 
 -1.21115e-03  -1.14360e-01  -8.80144e-03  -5.24168e-05   1.02618e-03  -1.14360e-01  -4.57339e-06 
 -7.06693e-03   8.06717e-02  -3.13494e-04   5.71538e-03  -7.11756e-04   8.06717e-02   1.29818e-05 
 -2.20626e-02   1.25643e-01   1.22248e-02  -4.70031e-03  -1.07823e-03   1.25643e-01  -4.52242e-05 
  3.52731e-03   6.63563e-03  -1.32572e-02   3.85647e-02  -2.01299e-04   6.63563e-03   9.25059e-05 
  5.30922e-03  -2.30950e-02   9.78712e-03   2.97713e-03   1.39455e-04  -2.30950e-02   8.78738e-06 
  1.19744e-02   2.54718e-03   4.27329e-03  -2.05413e-03  -2.73568e-05   2.54718e-03   2.02324e-05 
  1.33442e-02  -3.23555e-02   1.61423e-02  -3.83985e-02   3.91574e-04  -3.23555e-02  -8.79404e-05 
 -2.22537e-02   4.47877e-02  -9.38730e-03   2.38973e-02  -4.62070e-04   4.47877e-02   3.49587e-05 
 -1.75237e-02   6.40829e-02  -5.17873e-03   6.15373e-03  -5.53209e-04   6.40829e-02  -4.43917e-06 
 -1.58806e-02   1.22560e-02  -8.84658e-04   3.85573e-02  -3.03531e-04   1.22560e-02   6.97225e-05 
 -1.49123e-02  -3.06600e-02  -1.10486e-02  -1.29179e-02   3.81167e-04  -3.06600e-02  -3.79598e-05 
 -1.88395e-03   7.61702e-02   1.53744e-02   3.13083e-02  -8.77847e-04   7.61702e-02   5.09806e-05 
 -1.10160e-03  -3.39559e-03   4.10188e-03   1.43823e-02  -6.30744e-05  -3.39559e-03   3.08257e-05 
 -4.98811e-03  -8.82424e-02  -6.93246e-03  -2.32146e-02   9.16756e-04  -8.82424e-02  -5.50937e-05 
 -5.95679e-03   2.76440e-02   5.33204e-03  -3.70661e-03  -2.49786e-04   2.76440e-02  -2.87913e-05 
 -1.16015e-02   2.19903e-02  -1.64970e-03  -1.15725e-02  -9.83366e-05   2.19903e-02  -4.18205e-05 
  1.32910e-02  -8.98305e-03   9.21808e-03   3.66002e-02  -1.59454e-04  -8.98305e-03   9.59529e-05 
 -3.19164e-03   2.71453e-02  -5.19208e-04   1.03137e-02  -2.87031e-04   2.71453e-02   2.23970e-05 
  1.46652e-02   6.75039e-02   6.81322e-03   2.38168e-02  -7.27476e-04   6.75039e-02   7.14616e-05 
  1.28723e-03   1.31641e-02  -4.79743e-03  -8.05395e-03  -5.69731e-05   1.31641e-02  -1.87068e-05 
 -5.12098e-03  -1.59844e-02  -4.84207e-03   1.73658e-02   5.79561e-05  -1.59844e-02   3.24516e-05 
  8.58793e-04  -4.25986e-02  -1.06049e-02  -2.08264e-02   5.22230e-04  -4.25986e-02  -3.27582e-05 
 -2.03491e-03  -5.44158e-03  -3.66182e-03   1.75715e-02  -3.30578e-05  -5.44158e-03   3.45210e-05 
  8.34415e-03  -7.60037e-03  -3.62203e-03   1.09142e-02   1.05830e-05  -7.60037e-03   3.92137e-05 
 -5.50505e-03   2.29888e-02   1.02462e-02   7.99377e-03  -2.88253e-04   2.29888e-02   1.47407e-06 
  8.90454e-03   1.63171e-02  -4.28931e-03   2.97024e-03  -1.46914e-04   1.63171e-02   2.96822e-05 
  1.04909e-02  -1.91937e-03   1.48270e-02   3.80812e-03  -6.14803e-05  -1.91937e-03   9.28624e-06 
  1.14401e-02  -6.12176e-03   2.15162e-03   7.06004e-03  -4.66984e-06  -6.12176e-03   4.59322e-05 
 -6.98008e-03   6.75618e-02   1.71375e-02  -2.83083e-04  -6.39393e-04   6.75618e-02  -2.99532e-05 
  3.29783e-03  -7.98817e-02   5.47379e-03   1.69831e-02   5.72208e-04  -7.98817e-02   4.70108e-05 
  6.40578e-04  -3.93509e-02   4.43152e-03   1.28657e-02   2.30814e-04  -3.93509e-02   2.54520e-05 
  1.24075e-02  -7.62808e-03  -3.15239e-03   5.06182e-03   5.81617e-05  -7.62808e-03   3.43231e-05 
  5.63867e-05  -8.88086e-03   1.32358e-02   1.22207e-02  -5.86504e-05  -8.88086e-03   4.55739e-06 
 -1.67148e-02   8.14593e-02   2.22176e-03  -1.59904e-02  -6.15793e-04   8.14593e-02  -6.96906e-05 
 -3.61424e-04  -1.20620e-02  -1.61215e-02   8.97691e-03   1.15329e-04  -1.20620e-02   3.13509e-05 
 -3.69019e-03   6.67039e-03   1.99357e-02   8.04052e-03  -1.90084e-04   6.67039e-03  -7.16393e-06 
 -5.60014e-03   3.03238e-02  -5.29066e-03  -1.02248e-02  -1.69372e-04   3.03238e-02  -2.89518e-05 
  6.41278e-03   2.18595e-02   7.75190e-03   4.66308e-03  -2.43524e-04   2.18595e-02   4.22984e-06 
  2.50183e-03   4.89149e-03   6.10157e-03   3.66683e-03  -9.90884e-05   4.89149e-03  -1.26084e-05 
 -1.19404e-02   2.69327e-02  -2.02833e-02  -1.51599e-03  -1.33477e-04   2.69327e-02   5.45090e-06 
  1.25953e-03  -2.84780e-02   1.98684e-02  -1.24154e-03   1.50062e-04  -2.84780e-02  -1.89686e-05 
 -1.65195e-02   2.35810e-02  -1.36849e-02  -4.79414e-04  -1.25772e-04   2.35810e-02  -8.29323e-06 
  1.15847e-02  -2.34980e-03   3.34086e-02  -1.85007e-02  -3.40724e-05  -2.34980e-03  -5.19084e-05 
  1.72976e-03  -2.75297e-02  -8.11874e-03  -3.20945e-03   2.97036e-04  -2.75297e-02  -7.98306e-06 
 -7.00564e-03  -2.72542e-03  -2.69204e-02   1.74314e-03   1.48102e-04  -2.72542e-03   2.01827e-05 
 -8.78106e-03   2.56175e-02  -1.94166e-02   1.38239e-03  -1.22973e-04   2.56175e-02  -1.55245e-06 
  5.61966e-03   4.85489e-04   9.07473e-03  -4.55045e-03  -2.33824e-05   4.85489e-04  -1.14971e-05 
  1.59937e-03   1.98297e-02  -1.02928e-02  -1.09327e-03  -1.06697e-04   1.98297e-02   5.08939e-06 
 -1.62310e-03  -3.99940e-03  -3.39120e-02  -1.80353e-05   2.08979e-04  -3.99940e-03   1.91185e-05 
 -7.19937e-03   1.55003e-02  -1.03565e-02  -6.39728e-03  -4.62182e-05   1.55003e-02   4.81658e-06 
  1.97733e-03   3.21362e-02  -2.85580e-02  -1.31302e-02  -7.34988e-05   3.21362e-02  -2.19189e-05 
  4.34406e-03   2.36742e-02  -7.25270e-03  -7.69268e-03  -1.31315e-04   2.36742e-02   5.62802e-06 
  4.51059e-03   2.67964e-03   1.07584e-02   5.78144e-03  -1.11024e-04   2.67964e-03   7.84053e-06 
 -2.99848e-03   2.61120e-02   8.78304e-03   9.47647e-03  -3.17160e-04   2.61120e-02   4.95963e-06 
 -3.20834e-04  -2.70201e-02  -3.68383e-03   1.00684e-03   2.36873e-04  -2.70201e-02  -6.43684e-07 
  2.48634e-03   2.12420e-03   9.19324e-03  -2.48848e-03  -5.58210e-05   2.12420e-03  -1.98284e-05 
 -5.62567e-03   5.51006e-02  -8.01403e-06   9.06984e-03  -5.23484e-04   5.51006e-02   9.12441e-06 
  1.47626e-02  -5.67340e-02   5.49576e-02  -5.12162e-03   2.39722e-04  -5.67340e-02  -3.21471e-05 
 -1.27410e-02   6.96849e-02  -2.75918e-02  -3.23810e-03  -4.21011e-04   6.96849e-02   2.83164e-06 
 -8.91873e-04   3.62892e-03  -7.61376e-03   3.29725e-03  -1.58836e-05   3.62892e-03   1.08744e-05 
 -1.62612e-02   6.17333e-03  -3.82071e-02   5.08038e-03   1.10105e-04   6.17333e-03   2.66585e-05 
 -9.33468e-03   3.18118e-02  -2.95938e-02  -2.60793e-03  -1.02311e-04   3.18118e-02   5.74273e-07 
  1.10735e-03   4.16508e-03   7.06285e-03   1.07920e-03  -7.13757e-05   4.16508e-03   5.47624e-06 
 -5.80874e-03   7.78402e-03  -1.11752e-02   6.61307e-04  -6.49646e-06   7.78402e-03  -4.00470e-06 
 -5.97677e-04   1.07634e-02  -6.49044e-03   2.48224e-03  -7.32618e-05   1.07634e-02   2.47314e-05 
  1.09685e-02  -6.09477e-02   3.48055e-02   2.94236e-03   3.26623e-04  -6.09477e-02   8.57438e-08 
  5.17029e-03   4.73938e-04   1.13330e-02  -9.51554e-04  -6.67540e-05   4.73938e-04   9.14274e-06 
  3.62470e-04   1.17813e-02  -2.08496e-03  -9.59816e-04  -7.93070e-05   1.17813e-02  -7.92021e-06 
  2.93257e-03  -1.50249e-02   7.91471e-03   1.18534e-03   7.24562e-05  -1.50249e-02   1.37245e-05 
 -5.13820e-03  -1.15318e-02  -2.24862e-02  -3.45356e-03   2.26215e-04  -1.15318e-02   1.03765e-06 
  4.96939e-03   1.09775e-02   9.48035e-03  -4.99508e-03  -1.11331e-04   1.09775e-02  -1.72442e-05 
 -5.72800e-03   2.44709e-02   6.70075e-03  -3.68769e-04  -2.37226e-04   2.44709e-02   6.48771e-06 
  2.80670e-03   5.95385e-03   1.68785e-03   5.56097e-03  -8.88410e-05   5.95385e-03   1.08308e-05 
  5.73099e-03   6.29274e-03   1.70191e-02  -7.29695e-03  -1.06994e-04   6.29274e-03  -1.39376e-05 
  3.78227e-04  -9.56031e-03   4.90859e-03   2.85025e-03   3.67110e-05  -9.56031e-03   3.23156e-06 
  1.89999e-03  -3.47423e-03  -1.18301e-02   4.71986e-03   5.56845e-05  -3.47423e-03   1.15318e-05 
 -5.79611e-03   2.11034e-02  -1.10352e-02   1.24652e-03  -1.45473e-04   2.11034e-02  -9.45580e-07 
 -7.62970e-04  -2.68555e-02   6.25761e-03   1.80195e-03   1.87447e-04  -2.68555e-02   1.72608e-05 
  2.53725e-03   1.10970e-02  -1.02059e-03   2.73964e-03  -1.01267e-04   1.10970e-02   1.55160e-06 
 -4.04163e-04   7.91628e-03   5.47173e-03  -3.07629e-03  -8.06934e-05   7.91628e-03  -1.50760e-05 
  3.10363e-03  -1.63416e-02   1.45749e-02   1.47990e-03   5.73856e-05  -1.63416e-02   4.54574e-06 
  2.36881e-03  -4.23009e-03   8.74344e-03  -2.10587e-03  -2.14756e-06  -4.23009e-03  -4.09875e-06 
  3.97542e-03  -1.96096e-02   4.12564e-03   1.12422e-03   1.43204e-04  -1.96096e-02   1.26753e-06 
 -5.93697e-03   6.85166e-03  -1.58091e-02   5.28717e-03   7.67789e-07   6.85166e-03   1.09383e-05 
  5.75440e-03  -1.08036e-02   4.44129e-03  -7.73021e-04   7.12950e-05  -1.08036e-02  -3.70864e-06 
  3.36051e-03  -9.31358e-03   4.40745e-03  -1.69635e-03   6.61316e-05  -9.31358e-03   2.91318e-06 
 -2.24846e-03  -5.46187e-03  -1.51241e-03  -2.11228e-03   7.49327e-05  -5.46187e-03  -7.89414e-06 
  1.80414e-03   1.82615e-02   2.68717e-03  -3.16349e-03  -1.45641e-04   1.82615e-02  -1.40911e-05 
  1.30458e-03   3.54725e-03   4.83704e-03   2.09162e-05  -5.66205e-05   3.54725e-03   9.01161e-06 
 -1.01624e-03   1.77609e-02  -1.18384e-02   2.60265e-04  -8.84336e-05   1.77609e-02  -1.34501e-05 
  1.62475e-03   3.83815e-03  -8.62116e-03  -4.41264e-04   1.08843e-05   3.83815e-03  -6.78112e-06 
  2.37752e-03   3.95308e-03  -1.99515e-05   2.15700e-03  -4.54736e-05   3.95308e-03   1.39880e-05 
 -1.49220e-03   4.61122e-03  -1.91962e-03  -5.15282e-04  -2.45042e-05   4.61122e-03  -1.49816e-05 
 -3.20486e-03   2.02583e-03  -7.36319e-03   9.33631e-04   1.39635e-05   2.02583e-03   9.39070e-06 
  1.38445e-03  -9.10173e-03  -1.99986e-03   4.07378e-04   8.17883e-05  -9.10173e-03   7.68511e-06 
 -3.31183e-03  -6.23447e-03  -2.09134e-03   6.73974e-04   6.34787e-05  -6.23447e-03  -9.99763e-06 
  1.57353e-03   1.12410e-02  -9.29042e-04  -3.09929e-03  -7.49319e-05   1.12410e-02  -1.31852e-05 
 -1.72828e-03  -7.45312e-03   3.30185e-03   4.82384e-04   4.17657e-05  -7.45312e-03   6.23524e-06 
  3.11663e-03   8.98175e-03  -5.55631e-05  -3.23380e-03  -5.68937e-05   8.98175e-03  -2.79243e-05 
  9.30728e-04   7.32322e-03  -6.04547e-03   1.24072e-03  -4.62374e-05   7.32322e-03  -1.07560e-05 
 -1.19401e-03   1.15135e-03  -7.08196e-05   7.87109e-04  -1.77659e-05   1.15135e-03   2.19150e-06 
 -2.72695e-03   2.21184e-02  -1.00943e-02   2.04536e-03  -1.47555e-04   2.21184e-02   5.08509e-06 
 -4.78267e-04  -1.08839e-02   1.44585e-03  -1.36142e-03   9.26654e-05  -1.08839e-02   2.94776e-06 
 -1.04929e-03  -1.39718e-02   1.90233e-03   2.12509e-03   9.76947e-05  -1.39718e-02   2.02791e-05 
 -2.10128e-04  -7.12924e-04   5.03124e-03  -5.27809e-04  -1.25292e-05  -7.12924e-04   4.31723e-07 
  1.21472e-03  -4.08947e-03   5.31142e-03  -3.53200e-04   1.14116e-05  -4.08947e-03   1.26698e-05 
 -2.81273e-03   4.54161e-03  -3.85948e-03  -1.40774e-03  -1.31383e-05   4.54161e-03  -8.41184e-06 
  2.69173e-03  -2.68669e-03   1.81501e-03   1.19172e-03   7.94920e-06  -2.68669e-03   1.29060e-05 
 -4.26299e-03   8.67809e-03  -5.76927e-03   2.06735e-04  -4.70938e-05   8.67809e-03   7.79023e-06 
 -7.54875e-04  -1.05483e-02   4.74688e-03   3.27529e-04   6.51355e-05  -1.05483e-02   1.21046e-05 
 -4.12925e-03   6.24037e-03  -8.09394e-03   2.30764e-03  -2.58115e-05   6.24037e-03   1.39204e-05 
  3.10478e-03  -1.58488e-02   9.52691e-03  -5.28833e-04   8.85870e-05  -1.58488e-02   6.97996e-06 
  1.36879e-03  -3.76787e-03   7.20249e-03  -1.87886e-03   1.08896e-05  -3.76787e-03  -1.66792e-05 
 -6.32658e-04  -3.85373e-03   2.57415e-03   3.68671e-04   1.74702e-05  -3.85373e-03   7.64312e-06 
  3.98462e-03   8.99331e-03   1.18903e-03   1.24210e-03  -8.59332e-05   8.99331e-03   4.02632e-06 
  1.67615e-03   6.20853e-05  -2.01008e-03   1.76159e-03  -3.02843e-06   6.20853e-05   1.25563e-05 
 -9.04128e-04   5.07193e-03  -1.95609e-03   1.89440e-03  -4.43370e-05   5.07193e-03   1.84998e-05 
  6.59144e-04  -9.84494e-03   2.70287e-03   2.80994e-03   5.65709e-05  -9.84494e-03   6.73141e-06 
  1.16211e-03  -6.01365e-03   3.44363e-03   2.05548e-04   3.35587e-05  -6.01365e-03  -9.91581e-06 
  6.17993e-04  -1.38706e-02   8.28317e-03  -1.51538e-04   7.93866e-05  -1.38706e-02   1.01018e-05 
 -1.05235e-03  -4.25487e-03   1.12790e-03   2.58148e-03   1.49549e-05  -4.25487e-03  -1.95257e-06 
  1.48044e-03  -1.75049e-02   8.17391e-03   3.31733e-05   1.06534e-04  -1.75049e-02   8.86015e-06 
  3.81553e-03   1.24942e-02  -3.22898e-03  -5.13007e-03  -6.43603e-05   1.24942e-02  -1.95302e-05 
 -1.02486e-03  -6.24776e-03   3.38800e-03  -1.36126e-03   4.31436e-05  -6.24776e-03   3.60876e-06 
  8.64167e-04  -5.30327e-03   1.15936e-03  -3.48982e-03   5.57264e-05  -5.30327e-03  -1.12177e-05 
  1.88279e-04   2.16041e-04  -1.53721e-03  -3.60076e-04   7.01804e-06   2.16041e-04   3.16208e-06 
  2.00879e-03  -6.09575e-04   2.06261e-03  -3.01223e-03   8.18715e-06  -6.09575e-04   5.64816e-06 
 -3.63683e-03   4.22893e-03  -3.84091e-03   1.58986e-03  -2.48933e-05   4.22893e-03   2.14984e-05 
 -2.42158e-03   9.11111e-03  -4.32737e-03  -2.60820e-03  -4.02167e-05   9.11111e-03   4.82410e-06 
 -2.75836e-03   8.64237e-03  -5.62285e-03  -3.74157e-04  -4.63527e-05   8.64237e-03   5.57550e-06 
  1.93638e-04  -1.17125e-02   3.62708e-03  -1.42021e-03   8.85069e-05  -1.17125e-02  -1.04297e-05 
  7.44938e-04   7.22141e-04   4.00235e-03  -1.59480e-03  -1.93354e-05   7.22141e-04  -9.02468e-06 
 -8.16184e-04  -7.68706e-05  -1.16727e-03   1.03347e-03  -2.97359e-07  -7.68706e-05  -1.28677e-05 
  1.94258e-03  -7.33137e-03   3.78802e-03  -2.77555e-04   4.76784e-05  -7.33137e-03  -2.01185e-06 
  2.07588e-03  -5.65362e-03   1.56169e-03  -9.29475e-04   4.44456e-05  -5.65362e-03  -1.16597e-05 
 -2.05804e-03   8.17943e-04  -2.50376e-03   4.86831e-04   3.27399e-06   8.17943e-04   8.87275e-06 
 -2.64432e-03   7.63794e-03  -7.12320e-03   9.10227e-05  -2.91801e-05   7.63794e-03   1.52447e-05 
  5.58070e-04  -7.59866e-03   5.32366e-03   4.37692e-03   1.51210e-05  -7.59866e-03  -4.34564e-07 
 -2.73642e-04  -1.96619e-03   3.06439e-03   6.93166e-04  -5.72328e-07  -1.96619e-03  -1.67942e-05 
  4.47295e-03  -5.56436e-03   3.98238e-03  -1.09804e-03   3.38910e-05  -5.56436e-03  -5.52109e-06 
 -5.66877e-04   3.59305e-06  -2.78378e-03   2.36909e-03  -5.55995e-07   3.59305e-06  -1.21415e-06 
 -5.37851e-05  -2.63534e-03   2.96384e-03   1.96128e-03  -1.51455e-06  -2.63534e-03   6.98107e-06 
 -3.36489e-03  -2.84694e-03  -1.11905e-03   2.52347e-03   1.62993e-05  -2.84694e-03   2.94254e-05 
 -2.24007e-04   5.72551e-03  -4.06681e-03  -3.79647e-04  -2.66952e-05   5.72551e-03   1.59893e-05 
 -4.37219e-04  -2.05888e-03   4.32412e-04   1.86737e-03   6.51529e-06  -2.05888e-03  -7.72601e-06 
  2.25441e-03  -2.07008e-03   1.05670e-03   1.06504e-03   5.24317e-06  -2.07008e-03  -1.00071e-05 
 -9.64536e-04   2.50327e-03  -9.40117e-04  -1.65051e-04  -1.58573e-05   2.50327e-03  -4.13731e-06 
  7.70149e-04  -5.06085e-03   5.77574e-03   1.06034e-03   1.02090e-05  -5.06085e-03  -2.07962e-06 
  2.31245e-03  -8.03850e-03   2.81443e-03  -2.22581e-04   5.62521e-05  -8.03850e-03   4.12833e-06 
 -2.80155e-04  -1.45219e-03  -2.83173e-03  -8.25424e-04   2.99580e-05  -1.45219e-03   1.47361e-05 
  1.13135e-03  -1.59278e-03   3.59715e-03   3.13449e-03  -2.21093e-05  -1.59278e-03   1.30849e-05 
  1.08179e-03  -2.55447e-03   2.85206e-03   1.04732e-03   4.49403e-07  -2.55447e-03  -7.33377e-06 
  1.29001e-03  -5.16592e-03   3.49249e-03   1.25732e-03   2.01982e-05  -5.16592e-03   1.91568e-06 
  1.79146e-03  -6.19712e-03   4.76776e-03  -8.49361e-04   3.50571e-05  -6.19712e-03  -1.39907e-05 
  6.34633e-06   1.48773e-03   1.57549e-04  -1.76947e-03  -2.48796e-06   1.48773e-03  -3.88278e-06 
 -3.57752e-05  -4.00236e-04  -1.28186e-03  -2.78394e-04   1.08151e-05  -4.00236e-04  -2.34261e-06 
  8.38494e-04  -1.09503e-03   1.41705e-03  -7.53089e-04   5.26892e-06  -1.09503e-03  -1.43093e-06 
 -2.14914e-04  -1.64503e-03   1.67190e-03  -5.48000e-04   7.87698e-06  -1.64503e-03  -1.92088e-06 
 -1.38783e-04   5.54079e-04   8.19907e-04   1.49697e-03  -1.59459e-05   5.54079e-04  -4.50774e-06 
  1.04235e-03  -4.45374e-03   2.10731e-03  -1.63681e-03   3.55425e-05  -4.45374e-03   3.82835e-06 
 -1.53281e-03   5.71232e-03  -5.68509e-03   7.22155e-04  -2.43507e-05   5.71232e-03   1.24327e-05 
  2.89130e-03  -7.22715e-03   1.77004e-03   8.92427e-04   4.89437e-05  -7.22715e-03   2.61138e-06 
  1.12353e-03  -1.22748e-03   2.39168e-03   3.04731e-04  -3.10605e-06  -1.22748e-03  -1.13461e-05 
  1.73063e-03  -5.15734e-03   3.07815e-03   2.14528e-03   1.63996e-05  -5.15734e-03  -3.69099e-06 
  1.47908e-03  -7.38334e-04   2.25818e-04   1.64387e-04   4.81564e-06  -7.38334e-04  -1.21836e-05 
 -1.69176e-03   9.69572e-04  -2.38764e-03   7.47898e-04  -1.26748e-06   9.69572e-04   2.36165e-06 
  1.92244e-03  -1.67786e-03   2.77232e-03   8.12043e-05  -9.68022e-07  -1.67786e-03  -1.14309e-05 
 -2.09980e-03   2.35953e-03  -1.48918e-04   4.78517e-04  -1.97919e-05   2.35953e-03   8.26799e-06 
 -1.08004e-03  -6.21466e-04  -7.28003e-04   1.71184e-03   4.54369e-07  -6.21466e-04   1.05549e-05 
 -3.03617e-04   7.45474e-04   5.67273e-04  -3.38138e-04  -7.58507e-06   7.45474e-04  -7.10667e-07 
  1.38794e-03  -3.31547e-03   2.54135e-03   1.91904e-03   4.59331e-06  -3.31547e-03  -2.69106e-06 
  1.24271e-03  -4.83783e-03   5.63389e-04  -1.12965e-04   3.76660e-05  -4.83783e-03  -8.35889e-07 
  2.95869e-03  -3.16394e-03   7.63990e-04  -7.25443e-04   2.62178e-05  -3.16394e-03   5.33465e-06 
 -7.89113e-04   2.41807e-03  -1.27103e-03  -2.23568e-04  -1.35349e-05   2.41807e-03  -1.15768e-05 
 -1.39752e-03   2.06664e-03  -1.38919e-03   1.00205e-03  -1.60810e-05   2.06664e-03  -1.64602e-07 
  1.36561e-03  -2.17352e-03   2.06587e-03  -1.68248e-03   1.66626e-05  -2.17352e-03   2.57218e-06 
  9.88857e-04   1.20272e-03   8.09592e-04  -1.88118e-04  -1.07315e-05   1.20272e-03  -6.66876e-06 
  9.10028e-04  -1.88690e-03   1.28487e-03  -1.58740e-03   1.92823e-05  -1.88690e-03  -1.63552e-06 
 -7.93594e-04   6.42753e-04  -1.61224e-03  -2.05069e-03   1.41575e-05   6.42753e-04  -4.59814e-06 
  1.14197e-03  -2.32459e-04   2.01150e-03  -1.78225e-03   9.79741e-07  -2.32459e-04  -2.06136e-05 
  2.40432e-04  -2.26161e-03   1.05563e-03   6.14230e-04   1.05558e-05  -2.26161e-03  -2.73793e-06 
  2.35700e-04  -1.51483e-03   4.44974e-04  -5.66547e-04   1.40225e-05  -1.51483e-03  -2.20402e-07 
  7.61252e-04   2.49065e-04   1.06700e-03   2.06372e-04  -8.26273e-06   2.49065e-04  -3.56167e-06 
  1.04721e-03   7.00493e-04  -8.48085e-04   3.78938e-05  -2.41520e-06   7.00493e-04   3.21757e-06 
 -5.80998e-05  -8.54692e-04   3.30226e-04   3.72211e-04   5.76117e-06  -8.54692e-04  -1.28913e-05 
  2.27672e-04  -1.83579e-03  -7.77012e-04   3.35167e-04   1.52291e-05  -1.83579e-03   1.06142e-06 
  2.15570e-03  -3.43945e-03   1.65109e-03  -2.08604e-03   3.20058e-05  -3.43945e-03  -1.91116e-05 
 -1.75942e-03   7.41919e-03   3.96871e-04  -1.82427e-04  -6.32404e-05   7.41919e-03  -5.87773e-06 
 -1.34961e-03   4.37444e-03  -1.31188e-04   1.52042e-03  -4.57347e-05   4.37444e-03   1.26891e-06 
  4.69284e-04  -1.81137e-03  -4.80773e-04  -1.37356e-03   2.53963e-05  -1.81137e-03  -3.60764e-06 
 -8.96161e-04  -4.34566e-04  -1.35864e-03  -1.06902e-03   1.67474e-05  -4.34566e-04   1.01064e-06 
 -2.51767e-03   5.63603e-03  -1.47459e-03   1.41229e-04  -4.16804e-05   5.63603e-03   3.84130e-06 
  2.47114e-03  -1.91856e-03   1.53000e-03   8.48327e-04   3.86236e-06  -1.91856e-03  -8.86307e-06 
 -1.57743e-03   3.89196e-03  -7.83763e-04  -2.70314e-04  -2.71787e-05   3.89196e-03  -7.39227e-06 
 -1.59462e-05   8.50245e-04  -8.25763e-04  -3.17492e-04  -1.62151e-06   8.50245e-04   3.74515e-06 
 -7.86388e-04  -1.16522e-03  -6.04917e-04   1.16179e-03   6.90594e-06  -1.16522e-03  -1.70899e-06 
 -8.39153e-05   1.12729e-03  -6.08652e-04  -1.02887e-03  -7.03563e-07   1.12729e-03   8.09079e-06 
  3.42843e-04   1.68279e-03  -4.07881e-04   1.78524e-04  -1.41428e-05   1.68279e-03   1.90201e-06 
 -2.02028e-03   1.65955e-03  -3.03545e-03  -1.36108e-03   7.49750e-06   1.65955e-03  -1.17684e-06 
 -5.46253e-04   1.44387e-03   2.07002e-03  -6.42661e-04  -1.91922e-05   1.44387e-03  -2.70517e-06 
  1.95842e-04  -1.90895e-03  -7.44976e-04   2.47010e-04   1.81908e-05  -1.90895e-03  -1.24464e-06 
  5.02314e-04  -9.31185e-04   3.05590e-04   8.62338e-05   6.19432e-06  -9.31185e-04  -1.67594e-05 
 -1.48510e-03   2.46329e-03  -2.48769e-03   2.43680e-04  -1.10215e-05   2.46329e-03   1.75688e-05 
  1.43625e-03  -3.12661e-03   1.55626e-03   8.90800e-04   1.38744e-05  -3.12661e-03  -4.91607e-06 
  6.58399e-05   9.98373e-04  -3.76479e-04  -3.62580e-05  -6.33641e-06   9.98373e-04  -5.86185e-07 
  1.38270e-03  -1.94955e-03   2.60513e-04  -3.83580e-04   1.76644e-05  -1.94955e-03  -3.33192e-06 
 -1.04044e-03  -2.14703e-03  -4.63577e-04   5.59475e-04   1.74925e-05  -2.14703e-03   2.37521e-06 
 -1.05433e-03   1.18510e-03  -1.73005e-03   2.55025e-05  -1.38828e-06   1.18510e-03   1.15151e-06 
 -1.82263e-04   2.67226e-04  -5.06447e-06   1.13877e-03  -9.20943e-06   2.67226e-04   2.28015e-05 
 -1.51836e-03   3.71573e-03  -3.94403e-04  -5.37627e-04  -2.62775e-05   3.71573e-03  -1.91896e-05 
  1.03089e-03  -3.67030e-04   1.86407e-03   6.19633e-04  -9.82086e-06  -3.67030e-04  -1.41371e-05 
  1.66576e-03  -4.08560e-03   1.15020e-03   1.38399e-03   2.24090e-05  -4.08560e-03  -1.35485e-05 
  3.32437e-04  -1.31425e-03   8.96184e-04  -1.07261e-03   1.24911e-05  -1.31425e-03  -1.38247e-05 
  8.42704e-04  -3.32168e-03   8.83812e-04   6.70448e-05   2.41499e-05  -3.32168e-03  -1.41254e-05 
  1.92886e-03  -2.71540e-03   2.84948e-04   4.23219e-04   2.06912e-05  -2.71540e-03  -1.59276e-05 
  3.04927e-04   4.55457e-04   3.80602e-04  -5.40470e-04  -3.57829e-06   4.55457e-04   7.90530e-06 
 -2.35826e-04   5.34030e-04   6.09008e-05   1.19884e-03  -9.77403e-06   5.34030e-04   6.75770e-06 
 -1.58378e-03  -7.09107e-04  -1.96638e-03   8.39046e-04   1.17115e-05  -7.09107e-04   6.54111e-06 
  8.63605e-04  -2.16030e-03   5.47788e-04   5.08988e-04   1.34431e-05  -2.16030e-03  -3.07348e-05 
  2.35147e-04   3.02960e-03   5.83882e-04  -6.38417e-04  -2.57234e-05   3.02960e-03  -1.59027e-05 
  1.67303e-03  -3.21242e-03   1.03456e-03  -1.34542e-03   3.02905e-05  -3.21242e-03  -3.78871e-05 
  4.77450e-04  -3.28245e-04   7.09007e-05  -9.98295e-04   8.10360e-06  -3.28245e-04  -1.12839e-05 
 -2.29530e-04  -1.17992e-03  -7.96263e-04   2.15998e-04   1.23829e-05  -1.17992e-03  -1.95472e-05 
 -2.33316e-03   3.54813e-03  -1.00121e-03  -7.78202e-04  -2.12235e-05   3.54813e-03   4.08210e-06 
 -1.33283e-03  -1.35288e-03  -6.93239e-04   8.52022e-04   1.18690e-05  -1.35288e-03   6.52606e-05 
 -5.52003e-04   9.92738e-04   1.58725e-04  -4.37474e-05  -8.90443e-06   9.92738e-04  -2.74110e-06 
  7.13294e-04  -1.30134e-03   9.07152e-04   4.97116e-04   4.13150e-06  -1.30134e-03   7.68977e-06 
 -2.00257e-05   8.65137e-04  -4.73174e-04   1.44266e-04  -5.92090e-06   8.65137e-04  -3.44419e-05 
 -1.61249e-03   5.44522e-03  -1.98537e-04  -7.58446e-04  -4.10959e-05   5.44522e-03  -1.97217e-05 
 -1.76889e-03   2.80919e-03  -1.36728e-03  -5.23896e-04  -1.44832e-05   2.80919e-03  -2.03920e-05 
 -4.38135e-04   4.07250e-03   3.42539e-04  -1.42280e-03  -2.83724e-05   4.07250e-03   9.38205e-06 
 -1.12225e-03   3.00208e-03   9.75013e-04  -4.06815e-04  -2.77532e-05   3.00208e-03  -1.39163e-05 
  1.18822e-03   7.18175e-04   6.10093e-04  -1.40150e-04  -8.74041e-06   7.18175e-04  -3.34164e-05 
 -5.26403e-04  -1.19302e-03   2.23741e-04   7.02522e-04   5.19357e-06  -1.19302e-03   1.33956e-05 
 -1.90529e-03   8.19550e-04  -3.75961e-05   5.73468e-04  -9.64332e-06   8.19550e-04   1.18745e-05 
  2.18392e-03  -1.48786e-03  -7.12362e-04  -5.87297e-04   1.95993e-05  -1.48786e-03  -3.79238e-05 
  4.39236e-04   4.05021e-04  -7.22497e-04  -4.99566e-05  -6.31459e-07   4.05021e-04  -6.69028e-06 
  1.09299e-03  -1.20630e-03  -3.33775e-04   7.02539e-04   7.24665e-06  -1.20630e-03  -4.31757e-05 
  2.14096e-04   2.98542e-03  -1.66752e-04  -2.61877e-04  -2.31215e-05   2.98542e-03  -6.29380e-05 
  1.90799e-04  -1.54478e-03   5.70425e-04   4.71639e-05   9.61816e-06  -1.54478e-03  -1.27239e-05 
  2.37910e-05   4.84728e-04   3.52351e-04  -4.40780e-04  -3.43334e-06   4.84728e-04   3.35952e-05 
  1.95587e-04  -1.94330e-04  -6.69504e-04   1.24739e-03  -2.56016e-06  -1.94330e-04   1.48351e-06 
  8.97659e-04  -2.18788e-03   4.83227e-04  -1.38920e-04   1.73685e-05  -2.18788e-03  -3.79994e-05 
  1.63560e-04   1.08222e-03  -8.92813e-04  -2.03786e-04  -4.83156e-06   1.08222e-03  -3.74276e-05 
  1.20087e-04   9.04432e-04  -4.64492e-04  -9.47045e-04  -3.45753e-07   9.04432e-04   9.29827e-06 
 -6.28124e-04   3.06112e-04  -1.21619e-04   3.11021e-04  -2.75320e-06   3.06112e-04  -1.83324e-05 
 -1.79294e-03  -8.87210e-04  -3.40264e-04   1.14948e-03   3.41131e-06  -8.87210e-04  -9.79637e-06 
  5.55692e-04  -2.34125e-03  -5.17928e-04  -2.26453e-04   2.28370e-05  -2.34125e-03   3.50656e-05 
  1.46484e-03  -1.39410e-03   2.50431e-04   2.25785e-05   1.05326e-05  -1.39410e-03   4.77801e-05 
 -2.86709e-04  -3.28771e-03   6.16487e-04   1.24135e-05   2.50620e-05  -3.28771e-03   2.04686e-05 
  4.72353e-04   1.74337e-03  -1.89706e-04  -4.90213e-04  -1.13510e-05   1.74337e-03  -4.25570e-05 
 -1.99825e-03   3.41860e-04   9.20778e-04  -3.67902e-04  -4.30938e-06   3.41860e-04  -3.80700e-05 
  8.45261e-05   9.83845e-04  -2.95406e-04  -2.79535e-04  -5.92023e-06   9.83845e-04   1.42170e-06 
  8.83540e-04   2.19240e-04   4.48241e-04   1.11134e-03  -1.13322e-05   2.19240e-04  -6.63067e-05 
 -4.09629e-04  -1.07625e-04   6.09453e-04  -7.56261e-04   2.90084e-06  -1.07625e-04  -2.52422e-06 
  1.24491e-03  -4.61354e-04   8.64144e-04  -8.31399e-05   1.00721e-07  -4.61354e-04   2.08143e-05 
  5.09942e-04  -6.68784e-04  -6.13049e-04  -4.01758e-04   1.17647e-05  -6.68784e-04  -1.03934e-05 
 -1.17835e-04   1.69358e-03  -7.38821e-05  -8.59103e-04  -9.08505e-06   1.69358e-03   3.59511e-05 
  6.80062e-04  -5.32660e-05   2.91897e-04  -8.08948e-04   3.95998e-06  -5.32660e-05   4.91964e-06 
  4.78911e-04   5.28675e-05   4.79425e-04   8.16681e-04  -7.41925e-06   5.28675e-05  -5.80282e-06 
  7.76531e-04   7.28531e-04   4.61695e-04   4.16001e-05  -9.32815e-06   7.28531e-04  -7.04289e-06 
 -9.86039e-05  -2.03760e-03   4.70536e-04   2.01357e-04   1.45496e-05  -2.03760e-03  -3.30444e-06 
  2.15356e-04   2.24564e-03   1.11444e-03  -6.04471e-04  -2.08234e-05   2.24564e-03   1.46872e-05 
  2.26629e-03  -1.50742e-03   1.21291e-03  -1.22028e-03   1.31801e-05  -1.50742e-03   3.65468e-05 
 -4.89664e-05  -5.83663e-05  -3.21824e-04   8.43064e-04  -2.61868e-06  -5.83663e-05   9.89303e-06 
  8.87428e-05  -5.34085e-04  -7.40298e-04  -4.56352e-04   1.09009e-05  -5.34085e-04   3.93366e-06 
  1.40592e-03  -6.42081e-04  -6.84113e-04   9.58603e-05   8.27264e-06  -6.42081e-04   3.55665e-05 
  1.23518e-04   5.65108e-04   6.97460e-04  -5.88548e-04  -5.12355e-06   5.65108e-04   2.56031e-05 
  6.29227e-04   2.05172e-03  -5.48556e-04  -1.08929e-03  -9.13052e-06   2.05172e-03   2.90453e-05 
 -5.06326e-04   1.12465e-03  -6.94208e-04   3.97672e-04  -8.41522e-06   1.12465e-03  -6.50195e-06 
 -1.54767e-04  -3.00721e-03   6.17261e-04   1.25671e-03   1.60841e-05  -3.00721e-03  -1.41498e-05 
 -1.88534e-05  -1.06609e-03   6.56496e-04  -3.05483e-04   7.57344e-06  -1.06609e-03   2.07217e-05 
 -1.11841e-03  -3.22809e-03   7.73405e-04   5.03757e-04   2.16741e-05  -3.22809e-03  -1.37452e-05 
  1.40564e-04   4.20798e-05   2.24182e-04   3.63126e-04  -2.33089e-06   4.20798e-05  -1.35151e-05 
 -7.28115e-04   1.11034e-03  -8.38284e-04  -5.84462e-04  -2.50687e-06   1.11034e-03  -2.19879e-05 
  3.59096e-04  -8.53759e-04   4.64345e-04   1.23557e-04   3.71364e-06  -8.53759e-04  -1.55924e-05 
 -3.87127e-04   3.93164e-04  -2.48137e-04  -1.78422e-04  -1.99686e-06   3.93164e-04  -2.67780e-06 
  1.78258e-04  -1.15085e-03   4.60342e-04   4.21706e-04   5.04114e-06  -1.15085e-03  -1.59771e-06 
  5.33827e-04  -1.45111e-03  -1.02772e-03   2.77122e-04   1.52728e-05  -1.45111e-03  -6.67509e-06 
 -1.48380e-04   1.78190e-03  -4.30997e-04   1.44405e-05  -1.26979e-05   1.78190e-03   2.39168e-06 
  6.79876e-04   1.46800e-04  -1.42919e-04   6.78697e-04  -4.79255e-06   1.46800e-04  -1.52980e-05 
 -6.96727e-04  -2.95188e-03   3.73983e-04  -2.53072e-04   2.46315e-05  -2.95188e-03   1.00617e-05 
 -1.26584e-04  -1.27087e-04   2.59732e-04  -5.19843e-04   2.39322e-06  -1.27087e-04   1.79161e-06 
  4.10201e-05  -2.14080e-03   9.41228e-04   2.20782e-06   1.40562e-05  -2.14080e-03  -7.88734e-06 
  2.01347e-04   9.44256e-04  -2.21167e-04  -3.20579e-05  -6.94249e-06   9.44256e-04   9.91262e-06 
  2.43540e-04  -8.08916e-05   4.68099e-04  -4.25227e-04   5.84951e-07  -8.08916e-05  -3.36275e-06 
  1.63170e-04  -1.40243e-03  -6.85541e-05   5.41228e-04   1.03582e-05  -1.40243e-03  -1.67015e-05 
 -1.34886e-03  -4.15261e-05  -3.39979e-05   1.58048e-04  -1.01218e-06  -4.15261e-05   1.46956e-05 
  9.58690e-04  -5.96176e-04  -2.85051e-04   8.41707e-04   2.46996e-06  -5.96176e-04  -1.45493e-05 
 -1.39342e-03  -1.13005e-03   4.30371e-04   2.21931e-04   6.65739e-06  -1.13005e-03   1.09825e-05 
  1.12984e-03   3.31432e-04   1.23478e-04  -2.81270e-05  -2.56745e-06   3.31432e-04   1.73553e-05 
 -1.14154e-03   2.45021e-03  -2.98939e-04  -2.93691e-04  -1.83022e-05   2.45021e-03   1.02280e-05 
  4.22852e-04   1.42474e-04   1.31315e-04   1.13239e-04  -1.83827e-06   1.42474e-04  -7.59402e-07 
  1.08180e-04   8.42008e-04   7.29507e-04  -2.53032e-04  -9.18313e-06   8.42008e-04  -1.85154e-05 
  4.87928e-04  -2.25524e-03  -6.01778e-05   3.80565e-04   1.64577e-05  -2.25524e-03   1.69884e-05 
 -4.32825e-04  -6.11382e-04  -5.01424e-05   3.98554e-04   3.22250e-06  -6.11382e-04  -4.64838e-06 
 -4.64059e-04   6.55418e-05   9.35722e-05  -3.24139e-04   8.87478e-07   6.55418e-05  -2.25193e-06 
  3.26334e-04  -2.70843e-03  -7.43671e-05   5.10326e-04   2.12718e-05  -2.70843e-03  -1.13585e-05 
 -3.39123e-04   1.94426e-05  -9.08564e-04   3.02911e-04   1.64238e-06   1.94426e-05  -7.40268e-06 
 -7.45200e-04   2.40911e-04   3.27432e-04  -6.51511e-04  -5.74124e-08   2.40911e-04  -1.38705e-05 
 -1.02201e-03  -1.13222e-03  -8.06314e-05  -3.19904e-04   1.13290e-05  -1.13222e-03   2.06507e-05 
  3.32391e-05  -1.45669e-03   1.62246e-04   3.56502e-04   9.73851e-06  -1.45669e-03  -7.36087e-06 
  1.40488e-03   6.32780e-04   4.08992e-04  -4.44464e-05  -7.09594e-06   6.32780e-04   4.24611e-05 
 -9.27122e-05  -6.25052e-04   2.81885e-04   4.23858e-04   9.41125e-07  -6.25052e-04  -9.20429e-06 
 -2.67720e-04   9.07229e-04   3.87923e-05   9.43848e-05  -8.45244e-06   9.07229e-04  -3.83332e-06 
  5.55261e-04   7.35991e-04   7.67717e-05   2.11276e-04  -7.91496e-06   7.35991e-04  -1.58107e-05 
 -7.99986e-04  -2.81103e-04  -1.55242e-04  -7.30549e-05   3.65934e-06  -2.81103e-04  -1.80882e-05 
  9.82794e-04  -2.03610e-03   4.31962e-04   3.20118e-04   1.38968e-05  -2.03610e-03  -2.00208e-06 
 -4.90497e-04   1.34446e-03   1.34214e-04  -9.93726e-05  -1.09963e-05   1.34446e-03   1.09811e-05 
 -7.91095e-04   4.98192e-04   7.42640e-05  -3.50788e-04  -2.62962e-06   4.98192e-04   7.60135e-06 
  6.08357e-04   1.62541e-03   1.94015e-04  -6.12295e-04  -1.20540e-05   1.62541e-03  -1.26949e-06 
 -5.75010e-04   2.05793e-03  -6.45751e-04  -2.24560e-05  -1.44227e-05   2.05793e-03  -5.29293e-06 
 -1.00889e-03   1.53542e-03  -1.59595e-04  -7.04591e-04  -7.87548e-06   1.53542e-03  -2.97409e-07 
  2.21070e-04  -6.34173e-04   3.05965e-04   2.27937e-04   3.04065e-06  -6.34173e-04   4.22639e-06 
 -3.93020e-04   2.17511e-04   3.91943e-04   3.36837e-04  -5.29753e-06   2.17511e-04  -5.61374e-06 
 -6.93521e-04  -1.07968e-03  -7.90981e-04   5.37831e-04   1.00034e-05  -1.07968e-03  -3.46917e-05 
 -1.46456e-04  -1.01790e-03   6.80660e-05  -5.24871e-04   1.04277e-05  -1.01790e-03   6.17409e-06 
 -2.95356e-04   1.41278e-03  -4.16921e-04   3.12170e-04  -1.15070e-05   1.41278e-03  -1.53462e-05 
  2.55584e-04   8.37374e-04  -2.39115e-04  -8.15762e-05  -5.61747e-06   8.37374e-04   3.25514e-05 
  4.55522e-04  -2.51784e-04   1.97697e-04   1.83658e-04   1.20929e-07  -2.51784e-04  -4.56459e-06 
 -2.24036e-04   1.47152e-03   6.30729e-05  -3.87037e-04  -1.15010e-05   1.47152e-03   3.17615e-05 
  2.06864e-04   1.83569e-04  -3.42748e-05   5.49051e-05  -2.25890e-06   1.83569e-04  -9.29770e-06 
 -5.94460e-04  -1.23712e-03  -1.01621e-04   2.05280e-04   1.00904e-05  -1.23712e-03  -2.02810e-05 
  5.85522e-04  -1.09900e-03   1.58621e-04   1.33448e-04   8.30697e-06  -1.09900e-03   1.45105e-05 
 -4.36046e-04  -2.90894e-04  -1.50361e-04   1.56820e-04   3.00903e-06  -2.90894e-04  -2.11512e-05 
 -5.49871e-04  -1.23618e-03  -6.65776e-04   2.77470e-04   1.18537e-05  -1.23618e-03  -4.49485e-05 
  5.10353e-04   3.63414e-04  -5.72984e-05   1.62850e-05  -2.86974e-06   3.63414e-04  -6.18234e-06 
 -8.37594e-05  -4.62492e-04   4.72264e-04   1.45124e-04   8.02765e-07  -4.62492e-04  -1.41697e-05 
  3.89121e-04  -1.46416e-03   4.40796e-04  -4.94773e-05   9.65762e-06  -1.46416e-03   7.24176e-06 
  2.63429e-04   1.41281e-03   2.10236e-04  -2.41715e-05  -1.29083e-05   1.41281e-03   2.50155e-05 
 -8.00406e-04   7.26312e-04   1.34672e-04  -1.56299e-04  -6.44727e-06   7.26312e-04  -1.60580e-05 
 -4.37373e-04   9.45717e-04  -1.13084e-03   5.17728e-04  -5.08814e-06   9.45717e-04  -1.23531e-06 
 -1.61791e-04   6.22296e-04  -5.75928e-05   6.33055e-04  -8.46379e-06   6.22296e-04  -5.84760e-07 
 -3.82073e-04  -9.07237e-04   8.34087e-05   9.25476e-05   6.69373e-06  -9.07237e-04  -2.38742e-06 
 -6.59912e-04   2.58220e-03  -1.67665e-04  -2.70074e-04  -1.97747e-05   2.58220e-03   8.24056e-06 
 -7.21467e-04  -1.53142e-03  -3.16721e-04   6.39997e-04   1.08106e-05  -1.53142e-03  -4.75798e-05 
 -9.30616e-04   1.28935e-04   3.54549e-04  -4.23814e-04   9.64972e-08   1.28935e-04   1.56940e-05 
  3.02832e-05  -5.69646e-04  -1.03431e-03   4.92852e-04   7.36773e-06  -5.69646e-04  -2.49600e-05 
  6.79535e-04  -4.45133e-04  -1.08197e-04   3.56532e-04   1.78270e-06  -4.45133e-04  -1.81142e-05 
 -4.76024e-05  -7.20915e-04   2.79296e-04  -1.67542e-04   5.79661e-06  -7.20915e-04  -2.96433e-06 
 -2.60092e-04   8.76838e-05  -6.68350e-04   4.50102e-04   2.54908e-09   8.76838e-05  -1.41379e-05 
 -3.30032e-04   2.54736e-04  -1.33957e-04   6.45213e-05  -1.60625e-06   2.54736e-04   4.21027e-06 
  2.95403e-04   2.17554e-05   1.23625e-05   2.60046e-04  -1.78345e-06   2.17554e-05   2.27597e-06 
 -4.22974e-04   8.09125e-04   9.19265e-05   2.52959e-04  -8.81317e-06   8.09125e-04  -2.13923e-06 
 -1.58394e-04  -2.36956e-03   9.07598e-05   6.64279e-04   1.60010e-05  -2.36956e-03  -1.28717e-05 
  7.54067e-04  -1.94941e-04   3.09856e-04  -3.41500e-04   1.52307e-06  -1.94941e-04  -3.72769e-06 
  5.89899e-05   5.13183e-05  -6.52386e-05  -1.57602e-04   6.36889e-07   5.13183e-05   5.34910e-06 
 -9.03107e-04  -1.01097e-03   8.05325e-05   1.74771e-04   7.42995e-06  -1.01097e-03  -1.25577e-05 
  1.92211e-05  -6.88663e-04   4.46792e-04  -3.81257e-04   5.16938e-06  -6.88663e-04   8.10552e-07 
 -1.66368e-04   3.83906e-04   3.50832e-04  -2.29428e-04  -3.83490e-06   3.83906e-04  -1.16979e-05 
 -3.05989e-04  -1.66028e-03  -2.48682e-04   5.64412e-04   1.25697e-05  -1.66028e-03  -1.25278e-05 
  4.35357e-04   2.10562e-04   6.20518e-04   6.10766e-04  -7.70565e-06   2.10562e-04  -9.04616e-06 
  1.58085e-03  -8.23272e-04   8.45235e-04  -3.05998e-04   4.57138e-06  -8.23272e-04   9.76576e-06 
 -3.00000e-05  -1.10667e-03  -8.25416e-05  -5.04574e-04   1.27179e-05  -1.10667e-03   5.04366e-06 
  2.10499e-04  -2.08718e-04  -1.66302e-05   3.25710e-04  -3.59713e-07  -2.08718e-04   1.56309e-06 
 -1.27534e-04  -3.45981e-04   2.84506e-04  -6.32896e-04   5.07755e-06  -3.45981e-04   7.18208e-06 
 -1.03573e-03  -4.67366e-05   2.21439e-04  -3.13879e-04   1.35882e-06  -4.67366e-05  -8.11145e-06 
  6.93821e-04  -1.02267e-03   2.54933e-04  -2.52488e-04   8.12775e-06  -1.02267e-03   2.93075e-06 
 -1.79376e-04  -9.90682e-04  -3.70631e-04  -3.74052e-05   1.00589e-05  -9.90682e-04  -8.58602e-06 
 -5.82128e-05  -1.06669e-03  -3.15056e-04  -3.54154e-04   1.23202e-05  -1.06669e-03   3.65932e-06 
 -9.22814e-04  -3.12591e-04  -2.39906e-04   1.14128e-03  -2.18820e-06  -3.12591e-04  -1.01664e-05 
 -1.02694e-04   9.70910e-04   3.81900e-04  -4.72508e-04  -7.68784e-06   9.70910e-04  -2.76904e-07 
 -2.05912e-04  -1.22887e-04   2.62154e-04   5.10107e-04  -3.27639e-06  -1.22887e-04  -1.11911e-05 
  6.44732e-05  -5.62152e-04  -1.64265e-04  -5.21606e-04   8.52252e-06  -5.62152e-04   6.60298e-07 
  5.69198e-05   1.26440e-04   2.71649e-06   4.59317e-04  -3.35907e-06   1.26440e-04  -5.00873e-06 
 -1.06686e-04   1.93137e-04  -1.34755e-05   4.95155e-04  -4.39260e-06   1.93137e-04  -6.49056e-06 
  4.67844e-04  -3.25307e-04   4.35638e-04   4.21328e-04  -1.73273e-06  -3.25307e-04   5.71919e-06 
  3.83710e-04  -4.03817e-04   2.45921e-05   1.26736e-04   2.64632e-06  -4.03817e-04   8.17804e-06 
 -3.80321e-04   7.41270e-04  -4.58241e-04   6.12299e-04  -7.45185e-06   7.41270e-04  -5.72433e-06 
 -5.27824e-04   7.01010e-04  -1.00997e-04  -1.50163e-04  -4.24938e-06   7.01010e-04   7.55407e-06 
 -1.73729e-04   1.02695e-03   2.98505e-04  -1.87812e-04  -9.32063e-06   1.02695e-03   1.05609e-05 
 -5.50505e-04  -3.00484e-05  -2.42073e-04   2.11126e-04   2.48295e-07  -3.00484e-05   1.45078e-06 
