 -6.78485e-01   1.51636e+00   6.31251e-01  -8.81579e-01  -1.90806e-02   1.51636e+00  -2.66488e-03 
  1.90494e+00  -4.28289e+00  -1.78234e+00   2.47600e+00   5.39593e-02  -4.28289e+00   7.48216e-03 
  1.07268e+00  -2.07491e+00  -1.07670e+00   1.33601e+00   2.91433e-02  -2.07491e+00   4.05723e-03 
 -1.35869e+00   1.93746e+00   1.48128e+00  -1.57644e+00  -3.37891e-02   1.93746e+00  -4.83024e-03 
 -1.52077e-01   1.90096e-02   1.87099e-01  -1.47279e-01  -2.64162e-03   1.90096e-02  -4.65583e-04 
  9.03150e-02   7.75374e-01  -1.87676e-01  -3.35754e-02  -3.06097e-03   7.75374e-01  -3.85813e-05 
  2.87843e-02   6.28826e-02  -4.46247e-02   1.92764e-02   1.46697e-04   6.28826e-02   6.81194e-05 
  2.27117e-02   2.52287e-03  -2.42537e-02   2.20976e-02   2.68133e-04   2.52287e-03   7.00836e-05 
  5.15768e-02   2.81540e-01  -7.49114e-02   1.25117e-02  -1.16675e-03   2.81540e-01   6.50152e-05 
 -6.76966e-02  -4.67625e-01   1.11066e-01  -5.86570e-03   2.05723e-03  -4.67625e-01  -6.34515e-05 
 -1.60861e-01  -4.33296e-01   2.11352e-01  -1.25465e-01   7.49764e-04  -4.33296e-01  -4.51054e-04 
 -3.39099e-01   1.24846e+00   3.19992e-01  -5.80706e-01  -1.27437e-02   1.24846e+00  -1.75768e-03 
 -2.40969e-01   1.07337e+00   2.35238e-01  -4.65930e-01  -1.04118e-02   1.07337e+00  -1.41003e-03 
 -1.28888e-01   2.03553e-01   1.54293e-01  -1.60440e-01  -3.60961e-03   2.03553e-01  -5.02167e-04 
  1.73659e-01  -8.12721e-01  -1.74601e-01   3.13105e-01   8.21795e-03  -8.12721e-01   9.36794e-04 
 -2.07213e-01   1.37847e+00   1.60560e-01  -4.66398e-01  -1.17175e-02   1.37847e+00  -1.36920e-03 
 -6.18075e-02   5.68070e-01   7.34968e-02  -1.40572e-01  -5.45340e-03   5.68070e-01  -4.02849e-04 
  2.83318e-01  -1.69574e+00  -1.77841e-01   6.37026e-01   1.33574e-02  -1.69574e+00   1.87837e-03 
 -6.82042e-02   4.84098e-01   5.51114e-02  -1.57500e-01  -4.14138e-03   4.84098e-01  -4.62307e-04 
 -1.54802e-01   8.47372e-01   8.48572e-02  -3.45352e-01  -6.31529e-03   8.47372e-01  -1.02328e-03 
 -6.51050e-02   5.29985e-01   6.08403e-02  -1.61042e-01  -4.67223e-03   5.29985e-01  -4.73976e-04 
  1.34615e-02  -1.56511e-01  -1.55665e-02   3.86723e-02   1.34118e-03  -1.56511e-01   1.10944e-04 
  7.84693e-04   7.96744e-02  -1.97778e-02  -3.14177e-02  -1.00529e-04   7.96744e-02  -9.36030e-05 
  3.21050e-02  -4.94896e-02   5.28469e-03   8.07514e-02  -3.93423e-04  -4.94896e-02   2.45762e-04 
 -1.33108e-01   1.18988e+00  -4.36965e-03  -4.76531e-01  -6.59597e-03   1.18988e+00  -1.42395e-03 
  8.90681e-03  -3.16586e-01  -4.74034e-03   5.35464e-02   2.43893e-03  -3.16586e-01   1.51391e-04 
  4.20160e-03  -9.19753e-02   3.01242e-02   6.76756e-02  -2.00272e-04  -9.19753e-02   2.02640e-04 
 -5.99855e-02   7.80099e-01  -3.42170e-02  -3.12878e-01  -3.84741e-03   7.80099e-01  -9.27017e-04 
 -2.87298e-02   9.95712e-01  -1.44959e-02  -2.29808e-01  -7.08871e-03   9.95712e-01  -6.49910e-04 
  8.53797e-03  -6.32349e-01   4.07355e-02   1.94081e-01   3.32854e-03  -6.32349e-01   5.63544e-04 
  1.07475e-02  -1.72562e-01   5.76827e-03   6.20565e-02   9.09833e-04  -1.72562e-01   1.85747e-04 
  9.65918e-02   1.03263e+00  -2.95778e-02   7.87080e-02  -9.91540e-03   1.03263e+00   3.09516e-04 
 -1.25685e-02   3.70904e-01  -7.88057e-04  -2.95679e-02  -3.09636e-03   3.70904e-01  -8.69169e-05 
  4.46637e-02   2.63654e-02   3.49017e-03   1.43496e-01  -1.84529e-03   2.63654e-02   4.63238e-04 
  2.08088e-02   1.06443e-01  -2.19879e-03   8.73689e-02  -1.79715e-03   1.06443e-01   2.80990e-04 
  1.81782e-02  -1.52736e-01   3.69452e-03   1.18563e-01   1.65600e-04  -1.52736e-01   3.63822e-04 
  1.53769e-02   3.97560e-02  -7.70525e-03   4.59500e-02  -7.78062e-04   3.97560e-02   1.43800e-04 
  1.57732e-03  -7.48913e-02  -1.09209e-03   2.67454e-02   4.14905e-04  -7.48913e-02   7.48765e-05 
  2.60712e-02   4.52499e-01  -4.68810e-02   1.09003e-02  -3.39087e-03   4.52499e-01   3.26875e-05 
  3.77355e-02   1.81330e-01  -3.95758e-02   8.95441e-02  -1.86302e-03   1.81330e-01   2.64646e-04 
  3.16072e-02   2.81702e-01  -4.18533e-02   6.05313e-02  -2.41005e-03   2.81702e-01   1.87177e-04 
 -5.06630e-02   2.37528e-02   4.19537e-02  -1.34435e-01   2.82862e-04   2.37528e-02  -3.94979e-04 
  4.17827e-02  -1.59421e-02  -3.61810e-02   1.38794e-01  -4.84581e-04  -1.59421e-02   4.01282e-04 
 -1.14467e-02  -9.57761e-02   1.24315e-02  -7.92077e-03   6.93549e-04  -9.57761e-02  -2.10826e-05 
  2.44621e-02   5.98084e-02  -2.34628e-02   9.62500e-02  -8.88944e-04   5.98084e-02   2.75431e-04 
  5.02304e-02  -1.07878e-01  -3.05570e-02   1.71695e-01   2.18276e-05  -1.07878e-01   4.97815e-04 
 -4.33732e-02  -4.88251e-03   3.55697e-02  -1.23574e-01   5.58721e-04  -4.88251e-03  -3.60978e-04 
 -7.12937e-04   7.02049e-02  -4.92756e-03  -3.10500e-02  -2.65552e-04   7.02049e-02  -8.88526e-05 
 -1.59979e-02   1.24937e-01   2.50612e-03  -5.03600e-02  -7.93306e-04   1.24937e-01  -1.39997e-04 
  4.40237e-02  -1.25264e-01  -1.41205e-02   6.16934e-02   7.86197e-04  -1.25264e-01   1.80813e-04 
  2.34489e-02  -1.99913e-03  -4.96084e-03   4.97465e-02  -2.73236e-04  -1.99913e-03   1.46074e-04 
 -1.77973e-02   1.14606e-01   1.07348e-02  -6.62885e-02  -6.45423e-04   1.14606e-01  -1.96426e-04 
 -1.59526e-03   5.25367e-03  -6.31006e-03   8.55362e-03  -8.29910e-05   5.25367e-03   2.66455e-05 
  1.73893e-02   7.85869e-02   2.37186e-03  -7.52551e-02  -4.72088e-04   7.85869e-02  -1.85441e-04 
  5.39693e-02   1.14692e-01  -1.20570e-02  -2.11144e-02  -9.07446e-04   1.14692e-01  -2.18113e-05 
  1.07050e-02  -8.13344e-02   1.63652e-03   4.26936e-02   4.02149e-04  -8.13344e-02   1.19447e-04 
 -3.24792e-02  -1.89134e-01   3.97410e-03   6.33904e-02   1.27238e-03  -1.89134e-01   1.57153e-04 
  1.09196e-02  -3.27511e-03  -9.62850e-03   2.43842e-02  -1.22217e-04  -3.27511e-03   8.44481e-05 
 -4.58610e-03  -1.83244e-01  -2.87148e-03   2.77660e-03   1.64675e-03  -1.83244e-01  -1.23932e-06 
  3.42208e-02   5.62478e-02  -1.81046e-02   1.56612e-02  -4.62548e-04   5.62478e-02   6.61039e-05 
  3.86391e-02   1.15138e-01  -1.04539e-02  -8.27791e-02  -6.09130e-04   1.15138e-01  -1.90182e-04 
  1.83937e-02   1.04669e-02  -5.25821e-03   4.81100e-03  -1.26567e-04   1.04669e-02   2.91955e-05 
  4.63870e-02  -1.82908e-02  -9.75470e-03  -2.76750e-02   1.67986e-04  -1.82908e-02  -1.78219e-05 
  4.29289e-02  -9.64279e-02  -1.60309e-02   2.03443e-02   6.75546e-04  -9.64279e-02   1.01814e-04 
  1.44918e-02   5.77218e-02  -6.49275e-03  -8.63896e-03  -4.39505e-04   5.77218e-02  -7.70345e-06 
 -6.66467e-03   7.31668e-02   2.72798e-03  -1.74105e-02  -4.89252e-04   7.31668e-02  -5.59480e-05 
 -2.49729e-02  -4.95447e-03   3.26429e-03  -3.70615e-03   1.18382e-04  -4.95447e-03  -4.02108e-05 
  1.86654e-02   1.06257e-01  -5.55693e-03  -6.52645e-02  -5.77912e-04   1.06257e-01  -1.56435e-04 
  5.16090e-03   7.42504e-02   3.56970e-03  -2.80226e-02  -5.04082e-04   7.42504e-02  -7.31359e-05 
 -1.33183e-02   1.09387e-01   1.54154e-02  -1.96843e-02  -8.69273e-04   1.09387e-01  -7.06797e-05 
  2.26381e-02   8.84226e-02  -2.48166e-03   6.60995e-03  -7.88881e-04   8.84226e-02   5.20233e-05 
 -2.27303e-02  -2.32213e-02   1.11516e-02   4.21008e-02  -3.11166e-05  -2.32213e-02   7.55064e-05 
  1.66734e-02  -1.84461e-01  -1.97751e-02   6.42513e-03   1.60820e-03  -1.84461e-01   3.60165e-05 
  1.49638e-02  -1.92167e-02  -6.59867e-03   1.13570e-02   1.11347e-04  -1.92167e-02   5.73040e-05 
  3.99215e-02  -6.14276e-02  -2.18283e-02  -5.08357e-02   7.92490e-04  -6.14276e-02  -6.25328e-05 
  1.73547e-02  -3.56954e-02  -8.96025e-03  -1.01956e-02   3.75112e-04  -3.56954e-02  -4.78128e-06 
  6.89667e-03  -9.38054e-02  -7.87200e-03  -1.70382e-03   8.31977e-04  -9.38054e-02   8.32909e-06 
 -2.32298e-02  -6.18789e-02   6.84990e-03   2.02430e-02   4.25471e-04  -6.18789e-02   2.20012e-05 
  2.68364e-03   1.07952e-01   6.14642e-03  -6.43925e-03  -8.91153e-04   1.07952e-01  -1.93827e-05 
 -6.99856e-04  -1.14278e-01  -6.08512e-03   4.08539e-03   9.88985e-04  -1.14278e-01   1.68423e-05 
  1.47911e-03   3.82123e-02  -2.76776e-03   8.86640e-03  -3.83043e-04   3.82123e-02   2.59090e-05 
  2.57859e-02  -6.96824e-02  -1.12192e-02  -3.71616e-03   5.91805e-04  -6.96824e-02   3.86364e-05 
  2.31884e-03  -2.03522e-02  -2.88362e-03  -1.12684e-02   2.40016e-04  -2.03522e-02  -1.83326e-05 
  2.84623e-02   2.48278e-01   8.31903e-03  -7.31291e-03  -2.12590e-03   2.48278e-01  -3.31247e-06 
 -1.80158e-02  -3.55250e-03   1.43667e-02  -1.95015e-02   9.59419e-05  -3.55250e-03  -7.22943e-05 
 -1.82483e-02  -6.02293e-02  -2.75071e-03  -1.25043e-02   5.89540e-04  -6.02293e-02  -3.76490e-05 
 -6.68235e-03  -1.55757e-02  -4.42326e-03  -1.15817e-02   2.11556e-04  -1.55757e-02  -4.13285e-05 
 -5.08820e-03   8.10981e-02   1.12171e-02   8.38225e-03  -7.69289e-04   8.10981e-02  -1.57578e-06 
 -1.87842e-02   8.08773e-02   1.06654e-02  -1.29002e-02  -6.28693e-04   8.08773e-02  -6.47939e-05 
  2.55290e-02  -1.57120e-01  -2.83699e-02   9.48101e-03   1.37114e-03  -1.57120e-01   7.18761e-05 
  4.48919e-04   3.01866e-02  -7.01918e-03  -3.46347e-02  -5.41990e-05   3.01866e-02  -8.65871e-05 
  1.23905e-03  -5.62714e-02  -5.47291e-03  -7.76195e-04   4.97823e-04  -5.62714e-02   1.19458e-05 
 -2.24336e-03  -4.23825e-02  -1.65486e-03   9.65268e-03   3.17062e-04  -4.23825e-02   2.68830e-05 
 -1.17285e-03   4.16068e-02   6.79388e-03  -6.36525e-03  -3.53699e-04   4.16068e-02  -2.10422e-05 
 -1.19995e-02  -3.51944e-02   7.57170e-03   1.14792e-03   2.60988e-04  -3.51944e-02  -8.12512e-06 
  5.19171e-03   7.80892e-02  -2.78190e-03  -1.72716e-02  -5.60423e-04   7.80892e-02  -4.01693e-05 
 -1.88569e-02   6.53041e-02   1.94596e-02  -1.24217e-02  -5.55571e-04   6.53041e-02  -6.11267e-05 
 -2.69756e-03   4.22234e-02   9.25850e-03   7.92517e-03  -4.31156e-04   4.22234e-02   6.27682e-06 
  3.14644e-03  -4.95134e-02  -5.50896e-03  -9.21108e-03   4.91021e-04  -4.95134e-02  -1.50865e-05 
  1.10326e-02   2.91236e-02   2.50914e-03  -2.63928e-03  -2.57320e-04   2.91236e-02   5.91285e-06 
 -2.15765e-02  -1.37364e-01   2.87312e-03   5.94555e-03   1.14316e-03  -1.37364e-01  -5.86075e-06 
 -4.94582e-03   1.10078e-01   1.40519e-02   3.09417e-03  -1.00555e-03   1.10078e-01  -9.98985e-06 
 -2.77505e-03  -1.63318e-02   2.42431e-03   1.11332e-02   7.59465e-05  -1.63318e-02   2.17181e-05 
  1.89800e-03   3.06407e-02  -1.88069e-03  -5.57729e-03  -2.14024e-04   3.06407e-02  -1.09303e-05 
 -1.43686e-02  -8.67667e-02  -1.83949e-03   7.29100e-03   7.08072e-04  -8.67667e-02   1.02624e-05 
 -1.91434e-03  -2.37484e-02  -1.11225e-05   4.48542e-03   1.88014e-04  -2.37484e-02   1.09966e-05 
  1.68869e-03  -8.28888e-02  -8.19477e-03   9.09466e-03   6.88094e-04  -8.28888e-02   3.12831e-05 
  2.45048e-03   1.01156e-02  -1.62661e-03   2.83220e-03  -9.33830e-05   1.01156e-02   1.03253e-05 
 -6.95394e-03   2.90339e-02   1.24764e-02  -1.12852e-02  -2.44727e-04   2.90339e-02  -3.88110e-05 
  3.27649e-03   4.90110e-02   5.68153e-03  -1.96909e-02  -3.41846e-04   4.90110e-02  -4.49972e-05 
  1.14062e-02   2.24482e-02  -3.41940e-03   5.27585e-03  -2.10309e-04   2.24482e-02   2.77439e-05 
 -8.76577e-03   1.24563e-02   1.07069e-02  -2.86045e-02   7.80748e-06   1.24563e-02  -8.03117e-05 
  3.35746e-03   2.89938e-03   1.62488e-03  -5.91812e-03  -5.53495e-06   2.89938e-03  -1.47771e-05 
  3.17812e-03   2.07048e-02  -4.08710e-03  -7.12191e-03  -1.17246e-04   2.07048e-02  -1.31854e-05 
  6.82401e-03  -1.84997e-02  -4.97297e-03  -3.34934e-03   1.95269e-04  -1.84997e-02   5.75791e-07 
 -1.57276e-03  -2.59291e-03  -1.66930e-03   1.52681e-03   1.03680e-05  -2.59291e-03   2.45635e-06 
  7.69291e-03   5.39354e-02   6.82799e-03  -2.03851e-02  -3.89313e-04   5.39354e-02  -4.47602e-05 
  6.17968e-03   9.77479e-03   5.17904e-04  -3.16564e-03  -8.18788e-05   9.77479e-03   2.40971e-06 
 -3.14754e-03   2.26311e-02   2.74273e-04   9.43831e-03  -2.44300e-04   2.26311e-02   1.96177e-05 
  1.50917e-03   6.69495e-02   9.39293e-03   8.34069e-05  -6.10061e-04   6.69495e-02   7.86056e-07 
 -2.46534e-03  -3.30494e-02  -7.62349e-03   4.85064e-03   2.92187e-04  -3.30494e-02   6.43534e-06 
 -5.56129e-03   1.96605e-02  -3.32264e-03   1.18225e-02  -2.17272e-04   1.96605e-02   2.15725e-05 
 -5.44803e-03   5.84529e-02   6.22230e-03  -1.19490e-02  -4.60247e-04   5.84529e-02  -3.69322e-05 
  5.22980e-03   1.13511e-02   5.13104e-03  -7.12371e-03  -7.24176e-05   1.13511e-02  -6.71360e-06 
 -4.16205e-03   1.94854e-02   1.67217e-03  -7.67489e-03  -1.34585e-04   1.94854e-02  -2.38635e-05 
  2.74971e-05   2.15392e-02  -5.54226e-03  -1.64622e-02  -7.12179e-05   2.15392e-02  -4.21106e-05 
 -8.86833e-03   1.28048e-02  -3.78677e-03   1.90885e-03  -9.58382e-05   1.28048e-02  -6.85971e-06 
  2.48236e-03   7.47898e-03   3.07359e-03   3.40657e-03  -9.68800e-05   7.47898e-03   1.42899e-05 
 -1.27727e-03   1.44931e-02  -2.29822e-03   3.94211e-03  -1.27909e-04   1.44931e-02   3.98803e-06 
  2.33924e-03   7.95180e-03   3.54738e-03  -4.49924e-03  -6.50058e-05   7.95180e-03  -6.37511e-06 
 -2.75127e-03  -5.52977e-03  -2.97575e-03   3.38367e-03   4.34610e-05  -5.52977e-03   2.65839e-06 
 -3.15715e-03  -3.85340e-02   5.98025e-03   8.28870e-03   2.55703e-04  -3.85340e-02   8.52062e-06 
 -3.97684e-04  -4.25988e-02   3.31203e-03   9.45646e-03   2.87958e-04  -4.25988e-02   2.02647e-05 
 -2.69529e-03  -2.88420e-02  -3.48327e-03  -1.39844e-02   3.34418e-04  -2.88420e-02  -3.92209e-05 
 -2.38166e-03  -9.74608e-03   3.28202e-03   5.66202e-03   3.14588e-05  -9.74608e-03   5.07885e-06 
  8.50261e-03   1.18701e-02   3.91321e-03   1.79868e-02  -2.20417e-04   1.18701e-02   5.21794e-05 
  3.28405e-03  -1.55740e-02   3.19462e-03  -1.01556e-03   1.17935e-04  -1.55740e-02   6.59526e-07 
 -9.93645e-03  -2.34969e-02  -6.81436e-03  -1.53735e-02   3.22283e-04  -2.34969e-02  -4.01844e-05 
 -1.10579e-04  -2.30073e-02  -3.40569e-03  -9.52663e-03   2.61858e-04  -2.30073e-02  -1.31086e-05 
  3.40972e-03   4.45033e-03   2.47583e-03   1.04194e-02  -1.01902e-04   4.45033e-03   3.11043e-05 
  3.24492e-03  -5.50667e-03   5.28793e-03   3.03212e-03   9.51609e-06  -5.50667e-03   1.94357e-05 
  1.13613e-03   2.98993e-03   1.67949e-03   3.94221e-03  -5.60812e-05   2.98993e-03   1.24353e-05 
 -1.92906e-03   6.13778e-03   1.04071e-04   1.20602e-03  -5.98942e-05   6.13778e-03  -1.01355e-06 
 -4.88937e-03   1.27728e-02  -1.26254e-03  -4.44186e-03  -7.74174e-05   1.27728e-02  -2.75239e-05 
  3.55879e-03   2.83823e-02   8.09557e-03  -3.15288e-04  -2.82915e-04   2.83823e-02  -1.33925e-05 
 -1.11775e-03  -2.44077e-02   1.20442e-03   5.77763e-04   1.93644e-04  -2.44077e-02   1.05302e-05 
 -9.51701e-04  -2.22443e-03  -1.26321e-03  -3.80930e-03   4.27250e-05  -2.22443e-03  -1.44300e-05 
  1.88430e-03   6.14693e-03   4.00334e-03   6.56833e-03  -1.06418e-04   6.14693e-03   1.01013e-05 
  5.56164e-03  -5.16735e-03   6.91431e-03   4.58197e-03  -9.10765e-06  -5.16735e-03   1.95141e-05 
  2.77106e-03  -8.90162e-03   6.93525e-04   1.03597e-02   1.55727e-05  -8.90162e-03   2.99005e-05 
 -1.31456e-03   7.30101e-03  -5.57863e-03  -8.08871e-03   4.54558e-06   7.30101e-03  -1.99450e-05 
  3.52392e-04   1.16814e-02  -3.29428e-03   3.24442e-03  -1.03340e-04   1.16814e-02  -3.95258e-06 
 -2.91933e-03  -2.48358e-02  -3.35183e-04  -3.72331e-03   2.37057e-04  -2.48358e-02  -4.75241e-06 
 -3.93375e-03   1.31521e-02  -7.59867e-03  -3.61494e-03  -5.21939e-05   1.31521e-02  -1.30240e-05 
 -4.26649e-03   1.70367e-02  -6.32046e-03  -3.95940e-03  -9.66087e-05   1.70367e-02  -7.45272e-06 
 -4.18409e-03   3.47870e-02  -1.16631e-02   3.36955e-03  -2.59122e-04   3.47870e-02   1.71912e-05 
  2.48297e-03  -1.59665e-02  -8.49712e-03   7.29114e-03   1.37052e-04  -1.59665e-02   3.09211e-05 
 -6.68859e-04  -2.23621e-02  -6.52244e-03  -1.55865e-03   2.28104e-04  -2.23621e-02   6.21952e-06 
 -3.63586e-03   1.35147e-02  -1.75480e-03   2.73320e-03  -1.10089e-04   1.35147e-02   4.83694e-06 
  3.83397e-03  -2.65028e-02   2.13424e-03  -1.87994e-03   2.22346e-04  -2.65028e-02  -2.63464e-06 
  4.68786e-03  -2.92447e-02  -4.84945e-03  -1.29997e-03   2.81096e-04  -2.92447e-02   1.74111e-05 
 -2.75557e-04  -2.08250e-02  -1.01266e-03   2.37977e-03   1.65465e-04  -2.08250e-02   1.21814e-05 
  3.47584e-04   9.82417e-03  -8.09676e-03   3.88805e-03  -7.06738e-05   9.82417e-03   1.33948e-05 
 -3.49045e-03   2.38744e-03   2.01263e-03   5.45981e-04  -3.46948e-05   2.38744e-03  -8.86632e-06 
  6.53298e-03  -9.02494e-03  -6.23739e-04  -4.21310e-03   1.02651e-04  -9.02494e-03  -2.20778e-06 
 -2.40201e-03  -6.72306e-03   1.55159e-03   6.00526e-03   1.84454e-05  -6.72306e-03   2.00652e-06 
  1.45850e-03   2.12502e-02  -8.09651e-03   4.22907e-03  -1.65825e-04   2.12502e-02   1.79103e-05 
 -1.20226e-03  -4.78320e-04  -6.59761e-03   3.24732e-03   1.29238e-05  -4.78320e-04   6.45858e-06 
  1.57222e-03   2.89156e-03  -2.93880e-03  -3.38532e-03   7.94891e-06   2.89156e-03  -7.60728e-06 
 -3.24117e-04  -1.33965e-03  -4.09035e-03  -2.93022e-03   4.38448e-05  -1.33965e-03  -3.78274e-07 
  1.26385e-03  -6.89495e-03  -3.33873e-03   3.06255e-03   5.61210e-05  -6.89495e-03   1.46353e-05 
  1.58499e-03   2.62141e-03   6.27774e-03  -2.43301e-03  -4.08724e-05   2.62141e-03  -5.13375e-06 
  2.96174e-03  -9.37849e-03  -2.70883e-03  -9.69259e-04   1.01568e-04  -9.37849e-03   2.54561e-06 
  3.04264e-04   8.64795e-03   1.80400e-03   4.80565e-03  -1.08419e-04   8.64795e-03   7.84512e-06 
  1.86257e-03   9.45071e-03  -5.14108e-03  -1.75592e-04  -5.54196e-05   9.45071e-03   5.46275e-06 
 -2.34512e-03   1.94941e-02  -9.11703e-03  -9.50777e-04  -1.15755e-04   1.94941e-02   6.83405e-06 
 -1.19185e-03  -4.48260e-03  -7.79514e-03  -3.61415e-04   7.61240e-05  -4.48260e-03   8.56519e-06 
  2.44393e-04  -1.16477e-02   1.74827e-03  -2.22589e-03   1.01532e-04  -1.16477e-02  -4.71884e-06 
 -1.61302e-03   4.53560e-03   4.68983e-03   1.28286e-03  -6.37693e-05   4.53560e-03   7.75535e-07 
  2.36345e-03  -4.39732e-04   5.19252e-04  -6.04744e-03   3.16959e-05  -4.39732e-04  -1.38044e-05 
  5.53510e-04  -1.62763e-02   5.58509e-03  -1.89748e-03   1.18693e-04  -1.62763e-02  -5.42928e-06 
 -2.15570e-04  -2.41634e-03   1.85212e-03  -2.65576e-03   2.99065e-05  -2.41634e-03  -8.26812e-06 
 -1.69545e-03   1.76889e-03  -1.05342e-03  -8.14265e-04  -9.58817e-07   1.76889e-03  -4.47985e-06 
 -2.94949e-03   8.18469e-03  -1.12698e-02   1.28034e-03  -2.12053e-05   8.18469e-03   7.04961e-06 
 -1.22429e-03  -1.82037e-02  -1.37015e-03   2.29785e-03   1.49804e-04  -1.82037e-02   4.95809e-06 
  1.43783e-03   2.79470e-03   3.15076e-03   4.36849e-03  -6.23663e-05   2.79470e-03   5.56543e-06 
  1.08006e-03  -9.45493e-03   3.10473e-03  -2.36227e-03   7.88193e-05  -9.45493e-03  -6.45212e-06 
  2.44533e-04   2.36794e-03   1.73701e-03   4.72118e-03  -5.37859e-05   2.36794e-03   1.09104e-05 
  3.65395e-03  -4.43252e-03   1.19222e-02  -1.22088e-03  -1.56692e-05  -4.43252e-03  -2.70298e-06 
 -1.85547e-03   9.83122e-03  -1.21211e-02  -2.08070e-03  -7.91735e-06   9.83122e-03  -1.68763e-06 
 -2.30587e-03   7.41493e-04   1.80444e-03   1.25309e-03  -2.15725e-05   7.41493e-04   3.10793e-06 
 -9.41980e-04   1.03120e-03  -6.94234e-03   1.90133e-03   1.42557e-05   1.03120e-03   4.63498e-06 
  4.50388e-03  -8.03941e-03   2.46574e-02  -2.26914e-03  -4.09142e-05  -8.03941e-03  -1.34137e-05 
 -2.78162e-03   1.39104e-02  -1.28234e-02  -2.78333e-03  -4.35900e-05   1.39104e-02  -2.60307e-06 
 -5.37553e-04  -6.49299e-04   3.85423e-03   1.31137e-03  -1.95042e-05  -6.49299e-04   8.37509e-08 
  5.05644e-05  -4.35635e-03  -8.08866e-03  -7.36537e-04   8.19959e-05  -4.35635e-03   3.86486e-06 
  2.21824e-04  -3.14029e-03   2.65549e-03   5.01603e-03  -1.35919e-05  -3.14029e-03   1.18316e-05 
  2.96629e-03   1.01623e-02   1.16469e-02  -4.17442e-04  -1.43132e-04   1.01623e-02  -9.73934e-06 
  3.65034e-03  -1.32499e-02   2.74281e-03  -1.28478e-03   1.08167e-04  -1.32499e-02   3.50408e-07 
  2.88708e-03  -2.93822e-03   6.84922e-03  -1.15506e-03  -4.84790e-06  -2.93822e-03  -9.07665e-06 
  3.65066e-04  -5.39917e-03   3.71358e-04  -1.07067e-03   4.90899e-05  -5.39917e-03  -1.21404e-06 
 -2.38831e-03   9.43568e-03  -4.19346e-03  -1.01870e-03  -5.67473e-05   9.43568e-03  -3.21912e-06 
  3.52775e-03  -8.46387e-03   8.04527e-03  -2.94406e-03   4.99846e-05  -8.46387e-03  -1.13182e-05 
 -3.35384e-03   1.65959e-02  -6.22640e-03  -4.95522e-04  -1.05147e-04   1.65959e-02  -2.82874e-06 
  1.00317e-03  -3.62295e-03   2.92496e-03  -1.67525e-03   2.84686e-05  -3.62295e-03  -4.03300e-06 
  2.75310e-03  -8.37394e-03   6.20526e-03  -1.46502e-03   4.89010e-05  -8.37394e-03  -5.58818e-06 
 -7.24349e-05  -6.77751e-03  -1.83499e-03   7.85124e-04   5.91938e-05  -6.77751e-03   3.40110e-07 
  1.07789e-04   1.58566e-02  -4.54912e-03  -5.90456e-04  -1.08781e-04   1.58566e-02  -6.44200e-07 
  9.36054e-04   6.66184e-04  -4.22900e-03   4.79239e-04   8.25938e-06   6.66184e-04   1.03904e-06 
  4.60820e-03  -5.73154e-03   1.10516e-02  -2.38655e-04  -8.30283e-06  -5.73154e-03   2.15738e-07 
  1.27041e-03  -6.62599e-04   2.20781e-03  -9.00462e-04   2.59243e-06  -6.62599e-04  -9.12531e-06 
 -1.14355e-03  -5.58586e-03  -3.06753e-03   1.54408e-03   5.39147e-05  -5.58586e-03   6.44112e-06 
  1.39222e-03  -4.59511e-04  -8.23091e-04   3.69732e-04   5.74969e-06  -4.59511e-04   7.36803e-07 
 -3.90626e-03  -4.60143e-03  -1.01909e-02   1.95097e-03   7.79884e-05  -4.60143e-03   1.63084e-05 
  4.36953e-05  -7.46344e-04   5.20792e-03   6.34642e-04  -2.31195e-05  -7.46344e-04  -4.19486e-06 
 -1.92177e-03   1.18531e-03  -4.05052e-03   5.54193e-04   6.12393e-06   1.18531e-03   1.22907e-06 
 -2.26668e-04  -2.16361e-03   5.27591e-04  -2.40576e-04   1.97587e-05  -2.16361e-03  -4.20866e-06 
 -5.31299e-04   3.90281e-03   3.70847e-04   2.50356e-04  -3.63063e-05   3.90281e-03   2.18103e-06 
 -1.81184e-03   1.12889e-02  -4.60233e-03  -5.29040e-04  -6.77268e-05   1.12889e-02  -3.12846e-06 
 -2.33732e-03   7.16921e-03  -6.00340e-03   1.31387e-03  -4.16533e-05   7.16921e-03   8.37323e-06 
  3.26837e-03  -1.44505e-02   6.05800e-03  -7.38129e-04   9.84954e-05  -1.44505e-02  -8.67808e-06 
  3.01400e-03  -2.89645e-03   9.47413e-03  -2.88999e-03  -9.11945e-06  -2.89645e-03  -1.23030e-05 
  1.24785e-03  -7.08517e-03   1.09469e-03   1.26491e-03   4.64934e-05  -7.08517e-03   5.90782e-06 
 -2.92902e-03   4.57296e-03  -3.25993e-03   1.78228e-03  -3.25843e-05   4.57296e-03   7.53597e-07 
 -2.22514e-03   4.74568e-03  -4.43721e-03   4.30466e-04  -1.93475e-05   4.74568e-03   4.07801e-06 
  1.90130e-03  -9.60423e-03   4.20254e-03  -4.60101e-04   6.57124e-05  -9.60423e-03  -2.37073e-06 
  1.25524e-03  -1.38021e-03   3.25324e-03  -5.19377e-04  -8.64193e-07  -1.38021e-03   4.25609e-06 
  5.42599e-04  -6.39470e-03   1.50944e-03  -6.66798e-04   5.18815e-05  -6.39470e-03  -8.75225e-07 
  2.47159e-03  -1.35380e-02   5.97878e-03   1.04109e-03   8.24691e-05  -1.35380e-02  -2.30898e-08 
  7.14621e-04  -5.82441e-03  -7.36203e-04   1.76992e-03   4.28193e-05  -5.82441e-03   9.83486e-06 
  2.48561e-04   1.98317e-03   1.16296e-03  -3.08204e-04  -1.87606e-05   1.98317e-03  -8.76724e-06 
 -3.86766e-03   1.48825e-02  -8.99723e-03   3.15309e-04  -8.16610e-05   1.48825e-02   1.30897e-05 
  1.71789e-03  -6.38526e-03   3.47176e-03  -7.13429e-04   4.12024e-05  -6.38526e-03  -4.91758e-06 
  2.27557e-03  -1.99140e-04  -7.93133e-04  -6.60632e-04   5.82849e-06  -1.99140e-04   3.30947e-06 
 -5.68923e-04   1.52381e-02  -2.78109e-03  -4.89870e-04  -1.14163e-04   1.52381e-02  -2.55597e-06 
 -1.37764e-03   1.46999e-03  -2.02627e-03   4.86785e-04  -2.72001e-06   1.46999e-03  -2.48622e-06 
  8.75457e-04  -2.53633e-03   1.97105e-03   4.87678e-04   7.29114e-06  -2.53633e-03   1.44727e-06 
 -3.49524e-03   1.54372e-02  -8.13136e-03   7.76892e-04  -9.35489e-05   1.54372e-02   3.29341e-06 
  1.31735e-03  -1.30319e-02   5.71740e-03   1.99362e-04   8.03793e-05  -1.30319e-02  -5.33847e-06 
  2.56794e-03   4.05292e-04   8.75788e-04  -1.47670e-03   5.19202e-07   4.05292e-04  -9.00429e-06 
  1.23562e-03  -7.79979e-03   1.63949e-03  -3.26638e-04   5.95072e-05  -7.79979e-03  -1.32926e-05 
  1.46109e-03   6.71402e-03   6.11276e-04  -5.81617e-04  -5.69512e-05   6.71402e-03  -4.19452e-06 
  1.97178e-04  -4.86106e-04   2.78036e-04   1.63017e-04   1.61935e-06  -4.86106e-04  -8.14418e-07 
 -8.14881e-04   2.15176e-03  -2.67771e-03  -1.32762e-03   1.14474e-06   2.15176e-03  -6.72395e-07 
  1.55731e-04  -6.58029e-03   4.78663e-03   1.20707e-03   2.56075e-05  -6.58029e-03  -3.33042e-06 
  2.15763e-03   3.01872e-03  -2.09344e-04  -6.61045e-04  -2.05725e-05   3.01872e-03  -7.89801e-07 
 -1.72662e-03   1.71166e-03  -1.67056e-03  -5.67805e-04  -3.96300e-06   1.71166e-03   1.12362e-06 
  6.06743e-04  -4.63627e-03   2.70430e-03  -6.00229e-04   2.80564e-05  -4.63627e-03  -5.32417e-07 
 -2.88897e-05   2.17825e-03  -7.00422e-04  -1.48920e-05  -1.40172e-05   2.17825e-03   5.71516e-06 
  3.72987e-04  -2.37720e-03   2.08236e-03   2.44022e-04   9.10050e-06  -2.37720e-03  -8.14410e-07 
 -7.23131e-04  -4.26162e-04   2.61110e-04  -2.48239e-04   1.62520e-06  -4.26162e-04  -7.93984e-07 
  1.86298e-03  -3.90400e-03   1.15745e-03  -3.17385e-05   2.70280e-05  -3.90400e-03  -9.76079e-07 
  1.78801e-03  -5.80250e-03   2.44716e-03   6.42114e-04   3.05933e-05  -5.80250e-03   1.50093e-06 
 -5.99936e-04  -4.82359e-03   1.13298e-03   3.37149e-04   3.51814e-05  -4.82359e-03   1.84361e-06 
  8.64719e-04   1.35522e-04   1.57911e-04   5.63932e-04  -4.68359e-06   1.35522e-04  -5.38686e-06 
  1.31827e-03  -2.33090e-03   2.27683e-03   1.39941e-04   6.79141e-06  -2.33090e-03  -3.59131e-06 
 -8.78369e-04   3.24596e-03  -3.11032e-03  -1.42394e-03  -3.05047e-06   3.24596e-03  -3.75190e-06 
  1.26005e-03  -2.82493e-03   2.25538e-03  -4.27748e-05   1.30858e-05  -2.82493e-03  -4.64814e-06 
  2.60865e-04  -2.19716e-03   3.44150e-04  -8.56314e-05   1.56914e-05  -2.19716e-03   2.34976e-07 
 -3.02470e-04   4.54719e-04   7.58070e-04  -4.92789e-04  -4.78872e-06   4.54719e-04   6.49999e-07 
  1.05409e-03   1.39606e-03   1.15637e-03   1.03815e-03  -2.48382e-05   1.39606e-03   1.94670e-06 
 -1.11528e-03   9.70704e-04  -4.99124e-04   8.95160e-04  -1.09469e-05   9.70704e-04   2.07472e-06 
 -5.38343e-04   1.73142e-04   1.12925e-03   6.14095e-05  -7.18208e-06   1.73142e-04  -6.72026e-07 
 -2.99309e-05   3.56183e-04   3.63106e-04  -1.93057e-04  -6.83446e-06   3.56183e-04   3.21555e-07 
 -4.31425e-04  -1.83775e-03  -8.14124e-04  -8.57279e-04   2.22263e-05  -1.83775e-03   4.31968e-06 
  3.81267e-04   1.20187e-03   3.47107e-04  -7.51324e-04  -9.87707e-06   1.20187e-03  -1.45607e-06 
 -1.45522e-03   3.77035e-03  -7.71140e-04   4.95043e-04  -3.00438e-05   3.77035e-03  -5.20135e-07 
  2.21547e-03  -1.84486e-03   2.80882e-03   1.77391e-03  -7.22984e-06  -1.84486e-03  -4.20293e-06 
 -9.54246e-04   2.50738e-03  -3.41334e-03  -1.04868e-03   2.58707e-06   2.50738e-03   6.92391e-06 
 -1.69557e-03   3.62032e-03  -2.89285e-03  -1.23748e-03  -1.18837e-05   3.62032e-03   2.97157e-06 
  3.26781e-04   9.71696e-04   2.00283e-03   1.67296e-03  -2.94537e-05   9.71696e-04  -6.14490e-06 
 -5.96852e-04  -1.50052e-03  -4.54712e-04  -2.22156e-04   1.62055e-05  -1.50052e-03   1.84303e-06 
  2.71512e-04   2.40039e-03  -7.15462e-04   6.87328e-05  -1.65836e-05   2.40039e-03  -2.88919e-06 
  1.72991e-03  -2.40895e-03   3.14633e-03   1.37439e-03  -2.65160e-06  -2.40895e-03  -4.31500e-06 
  1.03936e-03  -5.11202e-03   2.02154e-03  -2.25326e-04   3.41212e-05  -5.11202e-03  -2.94447e-06 
 -1.40841e-03   2.17890e-03  -1.72422e-03  -1.52976e-04  -1.12006e-05   2.17890e-03   4.08157e-06 
 -2.06541e-04   1.92035e-03  -1.26598e-03   1.14175e-04  -1.23982e-05   1.92035e-03   3.99736e-06 
 -1.08551e-03   3.14277e-03   6.10027e-04   9.80500e-04  -3.45294e-05   3.14277e-03  -3.23580e-06 
 -1.64000e-03   2.14736e-04  -1.09752e-03  -2.38912e-04   5.83732e-06   2.14736e-04   3.56844e-06 
 -5.82418e-04   3.20871e-03  -1.27605e-03  -6.67452e-04  -1.62696e-05   3.20871e-03   1.82007e-06 
 -8.48586e-04  -1.77653e-03  -1.13029e-03  -2.00964e-04   2.29103e-05  -1.77653e-03   2.24949e-06 
 -7.35582e-04   1.33770e-04  -9.50870e-04  -8.83486e-04   8.88745e-06   1.33770e-04   4.07689e-06 
 -1.64599e-03   3.61643e-03  -1.60515e-03   2.26932e-04  -2.31292e-05   3.61643e-03  -1.54683e-06 
 -9.01872e-04  -1.25028e-03  -4.89345e-04   7.22066e-04   8.75282e-06  -1.25028e-03   3.12532e-06 
 -8.24952e-04   5.00934e-04  -1.50052e-03  -4.92124e-04   7.92152e-06   5.00934e-04   1.63054e-06 
  7.62164e-04  -2.81662e-04   1.02356e-03  -8.33774e-04   1.46254e-06  -2.81662e-04  -4.81498e-06 
  8.99821e-04   2.38720e-03   6.27032e-04  -6.09509e-04  -1.93277e-05   2.38720e-03  -9.04018e-06 
 -1.39335e-03   3.72800e-03  -3.06661e-04  -2.78958e-04  -2.90534e-05   3.72800e-03   3.82680e-07 
 -1.66457e-03  -5.82427e-04   4.31944e-05   8.19169e-04   4.69744e-07  -5.82427e-04   2.56666e-06 
  6.91855e-04   4.40852e-04  -8.62273e-04   1.38954e-04   2.20375e-07   4.40852e-04  -6.49324e-07 
 -5.67573e-05  -2.95839e-04   3.82752e-04   4.96491e-04  -2.48386e-06  -2.95839e-04  -6.38015e-07 
  3.19148e-04  -2.64183e-03  -2.21588e-04   1.19251e-03   1.75805e-05  -2.64183e-03   5.86091e-06 
 -2.13086e-04   1.80183e-04   4.82157e-04   5.05490e-04  -7.55943e-06   1.80183e-04   2.98134e-06 
  5.08007e-04  -4.13196e-04  -6.32717e-04  -9.26633e-05   7.25079e-06  -4.13196e-04   8.53808e-07 
  2.53713e-04  -2.36385e-03   1.13022e-03  -3.73451e-04   1.58125e-05  -2.36385e-03  -2.11574e-06 
 -6.28859e-04   3.65526e-04  -1.80716e-04   1.43969e-04  -1.46683e-06   3.65526e-04   1.53830e-06 
  7.99185e-06   7.50069e-04   8.26406e-05  -7.43554e-04  -2.98335e-06   7.50069e-04  -1.74320e-07 
 -2.50910e-04   9.59709e-04  -5.21151e-04  -5.42930e-04  -1.66670e-06   9.59709e-04  -6.28630e-07 
 -8.39338e-04   2.11887e-03   2.44590e-04   5.49470e-04  -2.09114e-05   2.11887e-03   1.65805e-06 
  2.41295e-04   2.02702e-03  -6.59025e-04  -5.50183e-04  -1.09953e-05   2.02702e-03  -3.53025e-06 
  8.11888e-04  -2.90121e-03   9.96039e-04   3.40380e-04   1.71973e-05  -2.90121e-03   1.99740e-06 
 -7.31634e-04   1.74683e-03  -1.11194e-03  -7.04830e-05  -9.28465e-06   1.74683e-03  -4.79569e-07 
  3.70681e-05   2.48242e-04  -3.29734e-04  -1.28136e-04   9.69374e-08   2.48242e-04  -2.08026e-06 
  1.51682e-04   5.73221e-04   3.23291e-04   9.85586e-05  -6.70174e-06   5.73221e-04  -6.39378e-06 
 -1.70542e-04  -1.94936e-03   4.00609e-04   2.02008e-04   1.42740e-05  -1.94936e-03   1.74453e-06 
 -4.31910e-04   7.43672e-04   6.56475e-05   2.29030e-04  -7.58216e-06   7.43672e-04   8.48834e-07 
  9.96499e-04  -2.44849e-03   1.03275e-03   3.92337e-04   1.43809e-05  -2.44849e-03   1.08225e-06 
  5.02890e-04   2.28863e-04   1.33951e-03  -5.04242e-04  -5.65620e-06   2.28863e-04  -2.94840e-06 
  3.04782e-04   6.78921e-04  -1.38663e-03  -4.87839e-04   3.52832e-06   6.78921e-04   3.82986e-06 
 -9.20140e-05   3.29249e-05   2.97790e-04   6.30405e-04  -5.76796e-06   3.29249e-05  -3.67286e-06 
  1.23968e-04   1.67391e-04  -5.24583e-04   6.78205e-04  -2.23202e-06   1.67391e-04   8.30316e-07 
  9.56474e-04  -1.22696e-03   5.18205e-04   6.74550e-04   3.90726e-06  -1.22696e-03  -7.35219e-07 
  1.07174e-03  -8.99922e-05   7.62847e-04   1.49557e-04  -4.55359e-06  -8.99922e-05  -4.84061e-06 
  1.06454e-04  -1.73162e-03  -3.43993e-04   4.64627e-04   1.44331e-05  -1.73162e-03   2.97691e-06 
 -3.54138e-04   1.60249e-03   4.46034e-04   4.19783e-04  -1.85357e-05   1.60249e-03  -4.65575e-06 
  5.50553e-07   1.02587e-03  -1.82206e-04   1.18575e-04  -8.26739e-06   1.02587e-03   1.09983e-07 
  8.21025e-04  -2.11042e-03   8.97513e-05  -4.88517e-04   2.03792e-05  -2.11042e-03   5.23201e-06 
 -6.46153e-05  -1.09790e-03   3.24406e-04  -5.99856e-04   1.14291e-05  -1.09790e-03   1.71696e-06 
 -2.56590e-04  -2.33722e-04   4.56712e-04   4.59655e-05   2.07913e-07  -2.33722e-04   2.48648e-07 
  2.83442e-04  -1.60719e-03  -4.21463e-05  -1.28168e-04   1.42109e-05  -1.60719e-03   3.13483e-06 
 -2.30257e-04  -2.21120e-03   7.52357e-04  -7.25805e-04   1.84607e-05  -2.21120e-03   1.02987e-06 
 -4.07970e-05  -3.04960e-04  -4.26345e-04  -7.95169e-04   9.19251e-06  -3.04960e-04   8.07694e-06 
 -4.39942e-04   1.31057e-03   4.84702e-04   3.72276e-04  -1.52327e-05   1.31057e-03   4.43798e-06 
 -3.27978e-04  -4.75182e-05  -8.81512e-04  -3.61242e-04   6.84829e-06  -4.75182e-05   1.78961e-06 
 -1.11253e-04   1.90269e-03   1.95848e-05   6.27557e-04  -1.99916e-05   1.90269e-03  -7.21075e-06 
 -2.37266e-04  -1.51884e-03   1.14957e-03   1.19817e-04   6.04779e-06  -1.51884e-03   5.77402e-06 
 -8.66040e-05   3.01688e-04  -5.10335e-04   4.74907e-04  -2.07613e-06   3.01688e-04  -3.69916e-06 
  4.07542e-04   4.61661e-04   1.07443e-04   1.17178e-05  -4.53322e-06   4.61661e-04  -8.67578e-07 
 -1.12328e-04  -7.87054e-04   2.54672e-04  -8.45984e-05   5.12646e-06  -7.87054e-04   2.01528e-06 
  1.16075e-04   2.03387e-03  -1.36137e-04  -5.73839e-04  -1.35148e-05   2.03387e-03  -1.01677e-06 
  2.47985e-05  -8.39335e-04  -6.01274e-04   2.63807e-04   8.69055e-06  -8.39335e-04  -1.49427e-06 
  2.13650e-04   1.06000e-03  -3.69540e-04  -3.16803e-04  -5.00109e-06   1.06000e-03  -3.48614e-06 
 -5.41187e-04   3.31709e-03  -7.28144e-04   6.39102e-04  -2.79058e-05   3.31709e-03  -5.32781e-06 
 -3.08567e-04   4.00585e-04   5.72179e-04   6.51836e-04  -9.06405e-06   4.00585e-04  -9.70694e-07 
