 -4.75900e-01   1.07265e+00   4.43457e-01  -6.18784e-01  -1.34705e-02   1.07265e+00  -1.87059e-03 
  1.34915e+00  -3.06838e+00  -1.26436e+00   1.75616e+00   3.85379e-02  -3.06838e+00   5.30703e-03 
  7.63229e-01  -1.47537e+00  -7.67557e-01   9.50873e-01   2.07533e-02  -1.47537e+00   2.88860e-03 
 -9.24770e-01   1.25419e+00   1.01184e+00  -1.06732e+00  -2.25447e-02   1.25419e+00  -3.27388e-03 
 -1.25090e-01  -2.39863e-02   1.53695e-01  -1.16873e-01  -1.85420e-03  -2.39863e-02  -3.71289e-04 
  3.22435e-02   6.92318e-01  -9.78111e-02  -7.18337e-02  -3.74968e-03   6.92318e-01  -1.71630e-04 
  6.72706e-02  -4.27118e-02  -7.90532e-02   7.17554e-02   1.35886e-03  -4.27118e-02   2.23604e-04 
 -3.73480e-02  -5.10639e-02   4.78595e-02  -2.81626e-02  -2.63669e-04  -5.10639e-02  -9.26065e-05 
  1.43604e-01   1.50653e-01  -1.73542e-01   1.14387e-01   1.15704e-03   1.50653e-01   3.68722e-04 
 -6.09163e-02   2.70781e-01   5.90866e-02  -9.06373e-02  -2.89788e-03   2.70781e-01  -2.60342e-04 
  1.24590e-01   5.27816e-01  -1.69800e-01   6.43528e-02  -1.91658e-03   5.27816e-01   2.55156e-04 
  1.14609e-01  -9.54399e-02  -1.24833e-01   1.45468e-01   2.12882e-03  -9.54399e-02   4.62262e-04 
  2.15634e-01  -9.40150e-01  -1.91804e-01   3.94558e-01   9.00134e-03  -9.40150e-01   1.18562e-03 
 -1.22704e-01   5.26237e-01   1.27932e-01  -2.23859e-01  -5.44602e-03   5.26237e-01  -6.78201e-04 
  1.85831e-01  -9.88993e-01  -1.72493e-01   3.75053e-01   9.21700e-03  -9.88993e-01   1.12429e-03 
 -4.16152e-02   3.87572e-01   3.54569e-02  -1.09335e-01  -3.32833e-03   3.87572e-01  -3.12635e-04 
 -2.12757e-01   1.35766e+00   1.52380e-01  -4.85733e-01  -1.11979e-02   1.35766e+00  -1.42657e-03 
  1.44179e-01  -5.86078e-01  -7.80517e-02   2.93281e-01   4.27828e-03  -5.86078e-01   8.73609e-04 
  1.03534e-01  -3.93006e-01  -5.77430e-02   2.08866e-01   2.87453e-03  -3.93006e-01   6.21879e-04 
  5.66338e-02  -5.29436e-01  -3.57524e-02   1.50533e-01   4.16105e-03  -5.29436e-01   4.46534e-04 
  1.73424e-02  -2.10136e-01  -5.66066e-03   6.27864e-02   1.43916e-03  -2.10136e-01   1.88207e-04 
  2.09663e-02  -2.22923e-01  -3.53767e-02   5.29507e-02   2.36201e-03  -2.22923e-01   1.49435e-04 
 -2.04087e-03  -9.66758e-02   4.71161e-03   1.39954e-02   5.85649e-04  -9.66758e-02   4.37119e-05 
 -1.66826e-02   6.12085e-03   1.74124e-02  -2.29760e-02  -2.09928e-04   6.12085e-03  -6.22840e-05 
 -3.16285e-03   3.07441e-04  -9.28702e-03  -3.21042e-03   1.83451e-04   3.07441e-04  -1.07420e-05 
  5.65699e-02  -4.34195e-01   2.32209e-02   2.12602e-01   1.56190e-03  -4.34195e-01   6.46036e-04 
 -6.60613e-02   3.02933e-01   1.08109e-02  -1.69469e-01  -1.40166e-03   3.02933e-01  -5.15492e-04 
  1.78052e-02  -2.00534e-01  -2.74768e-03   6.35320e-02   1.23158e-03  -2.00534e-01   1.96738e-04 
  5.65602e-02  -6.75807e-01   1.95518e-02   2.70219e-01   3.52258e-03  -6.75807e-01   8.07116e-04 
 -1.37340e-02   2.75754e-03   1.62367e-02  -1.20141e-02  -2.51128e-04   2.75754e-03  -4.00525e-05 
  1.68985e-02  -9.99355e-02  -3.16549e-02   1.79532e-02   1.35990e-03  -9.99355e-02   5.11684e-05 
 -9.73166e-03   1.93469e-01  -1.60127e-02  -9.29739e-02  -5.66756e-04   1.93469e-01  -2.81728e-04 
 -6.49398e-03  -5.39108e-02  -2.74281e-03  -1.11340e-02   6.42541e-04  -5.39108e-02  -3.56095e-05 
 -9.50114e-03   5.37531e-01  -1.84849e-02  -1.55454e-01  -3.31029e-03   5.37531e-01  -4.49365e-04 
  3.64004e-02   3.94653e-02  -5.12407e-03   7.73504e-02  -9.51459e-04   3.94653e-02   2.39941e-04 
  2.25107e-03  -4.41154e-01   2.11299e-02   6.82498e-02   3.07266e-03  -4.41154e-01   1.93694e-04 
 -4.01911e-02  -5.10427e-01   3.37780e-02  -3.47138e-02   4.73361e-03  -5.10427e-01  -1.54416e-04 
  1.28532e-03   5.16998e-02   2.75956e-03  -4.02005e-02  -2.15218e-04   5.16998e-02  -1.10736e-04 
  2.04869e-02   2.97773e-01  -9.31394e-03  -3.63678e-05  -2.77382e-03   2.97773e-01   3.22452e-05 
 -2.84950e-02  -1.27018e-01   2.15324e-02  -6.18659e-02   1.54563e-03  -1.27018e-01  -2.19530e-04 
 -4.86003e-03   1.93736e-01   1.19507e-03  -5.22355e-02  -1.39947e-03   1.93736e-01  -1.42449e-04 
  2.00065e-03  -9.22315e-02   6.83447e-03   2.15587e-02   5.08835e-04  -9.22315e-02   6.58421e-05 
 -5.87667e-03  -2.88638e-02  -1.84554e-03  -1.83939e-02   5.85437e-04  -2.88638e-02  -5.98738e-05 
  2.78591e-02   2.89131e-01  -2.65115e-02   1.29681e-02  -2.42636e-03   2.89131e-01   5.76597e-05 
  3.62887e-02   8.88916e-02  -3.76216e-02   5.52370e-02  -7.00778e-04   8.88916e-02   1.68879e-04 
 -1.94938e-02  -6.77024e-02   1.70884e-02  -2.52119e-02   6.15181e-04  -6.77024e-02  -7.54641e-05 
 -1.34559e-02   3.69713e-02   1.04159e-02  -4.14099e-02  -9.54690e-05   3.69713e-02  -1.29833e-04 
  1.90359e-02   2.29801e-03  -1.47346e-02   5.35992e-02  -2.24019e-04   2.29801e-03   1.56168e-04 
  4.08042e-03   8.74674e-02  -8.23145e-03   9.53905e-03  -7.45716e-04   8.74674e-02   2.40139e-05 
 -3.54470e-02  -7.48769e-03   1.96922e-02  -9.41285e-02   6.20988e-04  -7.48769e-03  -2.74721e-04 
  1.31352e-02  -5.68195e-03  -8.12595e-03   3.41361e-02  -1.78673e-04  -5.68195e-03   1.02743e-04 
 -5.66486e-03  -1.03474e-01   7.86026e-03   2.77758e-02   6.95781e-04  -1.03474e-01   7.59755e-05 
 -2.20036e-02   6.10369e-02   9.31039e-03  -7.67962e-02  -9.62063e-05   6.10369e-02  -2.22048e-04 
  7.89411e-03  -4.18284e-02   7.03425e-04   1.74659e-03   2.84063e-04  -4.18284e-02   3.58325e-06 
 -3.23477e-02   4.30261e-02   2.43600e-02  -9.74944e-02  -8.79943e-05   4.30261e-02  -2.82360e-04 
  3.50290e-02  -5.36366e-02  -1.65987e-02   8.00467e-02   7.10898e-05  -5.36366e-02   2.31996e-04 
 -7.99029e-03  -1.99374e-02   5.01422e-04   1.26101e-02   1.60000e-04  -1.99374e-02   3.45495e-05 
  1.72333e-02  -1.56326e-02  -7.74602e-03   4.12259e-02  -8.12742e-05  -1.56326e-02   1.15538e-04 
 -5.71869e-03   3.20427e-02   5.72813e-03  -1.41919e-02  -1.65959e-04   3.20427e-02  -4.52424e-05 
 -8.19844e-04  -1.03551e-02   3.99263e-03  -6.08985e-02   4.26165e-04  -1.03551e-02  -1.51000e-04 
 -1.31098e-02  -3.58502e-02   3.07022e-03   2.01166e-02   1.83278e-04  -3.58502e-02   3.87352e-05 
  1.50611e-02   7.36829e-03  -4.01504e-03  -1.41558e-05  -2.76928e-05   7.36829e-03   1.13829e-05 
 -1.31524e-02   9.81946e-03  -1.51791e-03   2.63865e-02  -1.24842e-04   9.81946e-03   5.45545e-05 
  2.43261e-02   3.29795e-02  -6.78059e-03   5.78133e-03  -3.78541e-04   3.29795e-02   4.31537e-05 
 -1.17794e-02  -3.25591e-02   6.42334e-03  -1.53241e-02   3.71399e-04  -3.25591e-02  -4.96032e-05 
  3.54027e-03   6.83189e-02  -3.67920e-03   1.96555e-02  -7.01166e-04   6.83189e-02   5.44784e-05 
 -8.18881e-03   4.45369e-02   6.02100e-03  -8.47394e-03  -3.56443e-04   4.45369e-02  -2.85402e-05 
 -5.66864e-03  -2.64857e-02  -8.46376e-04  -2.84371e-03   2.58409e-04  -2.64857e-02  -1.45483e-05 
  3.53657e-02   2.82010e-02  -9.47466e-03  -2.58652e-02  -1.61245e-04   2.82010e-02  -3.55524e-05 
 -3.07097e-02   1.07880e-02   9.18558e-03   2.28618e-02  -1.90691e-04   1.07880e-02   2.84059e-05 
  3.94643e-02  -1.37213e-02  -1.04728e-02  -2.18350e-02   1.69284e-04  -1.37213e-02  -1.67221e-05 
 -6.02309e-03  -6.70013e-02   3.01419e-03  -4.94043e-03   6.34406e-04  -6.70013e-02  -8.28335e-06 
  1.85624e-02  -1.51487e-02  -8.89938e-03  -5.17659e-03   2.18636e-04  -1.51487e-02   3.01499e-06 
 -3.73811e-03   1.69378e-03   2.58028e-03   9.24014e-04  -3.67015e-05   1.69378e-03  -7.55692e-06 
 -1.27558e-02  -3.13648e-02   3.25740e-03   2.36777e-02   1.21871e-04  -3.13648e-02   4.35846e-05 
 -1.43457e-02   4.97638e-03   3.15729e-03   1.83830e-02  -9.71953e-05   4.97638e-03   1.37330e-05 
 -4.83341e-03   1.13023e-03   2.61580e-03   2.64661e-02  -1.52291e-04   1.13023e-03   6.21266e-05 
 -1.72341e-03  -1.16435e-02   2.41549e-03  -2.08070e-02   1.80853e-04  -1.16435e-02  -5.39443e-05 
 -3.32618e-03   9.92182e-04   6.17938e-04   1.19117e-02  -3.00280e-05   9.92182e-04   3.44896e-05 
  6.75684e-03   3.83571e-03  -2.90881e-03   6.30145e-03  -7.23419e-05   3.83571e-03   2.16684e-05 
  8.87197e-03   1.19725e-01   5.04488e-03  -1.31959e-02  -9.80744e-04   1.19725e-01  -1.40053e-05 
  3.34496e-03  -1.21921e-02   4.90534e-04   5.26330e-03   8.21623e-05  -1.21921e-02   1.18519e-05 
 -4.66662e-03   1.50496e-02   3.68710e-03   1.74619e-03  -1.21595e-04   1.50496e-02   2.74807e-06 
  1.87071e-02   5.36480e-02  -3.46038e-03  -3.55698e-02  -2.63777e-04   5.36480e-02  -6.71339e-05 
  7.38324e-03  -3.01840e-02  -6.16042e-03   2.67946e-04   2.56780e-04  -3.01840e-02   1.16440e-05 
 -1.05156e-03   8.29422e-03   2.28819e-03  -5.59460e-03  -2.11034e-05   8.29422e-03  -1.65715e-05 
 -1.56965e-02  -1.57228e-02   4.42595e-03   5.62227e-03   8.97501e-05  -1.57228e-02   2.19558e-06 
  3.20487e-03   4.21316e-03  -1.07542e-03  -2.03921e-02   5.99107e-05   4.21316e-03  -4.46560e-05 
  1.05168e-02   1.01995e-02  -1.87257e-03  -4.70413e-03  -7.90968e-05   1.01995e-02   1.12658e-06 
 -6.14919e-03  -4.56236e-02  -8.08314e-04  -7.01033e-03   4.26058e-04  -4.56236e-02  -1.56573e-05 
 -2.61125e-03   8.45254e-03  -1.74960e-06  -2.87719e-03  -4.56536e-05   8.45254e-03  -8.12319e-06 
 -2.66779e-03   1.80461e-02   3.35501e-03  -2.04103e-03  -1.31857e-04   1.80461e-02  -7.84775e-06 
  1.37547e-02   8.21787e-02   6.02853e-04   7.70607e-04  -7.16861e-04   8.21787e-02   9.09308e-06 
  1.80460e-03  -1.38910e-01  -1.08512e-02   3.03209e-03   1.18238e-03  -1.38910e-01   2.09594e-05 
  1.04131e-02   6.11583e-02   1.03038e-03  -1.43037e-02  -4.55987e-04   6.11583e-02  -2.80268e-05 
 -4.92245e-03   1.53705e-02   5.83911e-04  -2.57777e-04  -1.17775e-04   1.53705e-02  -7.65768e-06 
 -1.31748e-02  -3.47244e-02   1.10270e-03   1.05147e-02   2.49431e-04  -3.47244e-02   9.41668e-06 
 -5.80222e-03   3.67267e-02   5.50650e-03  -7.64147e-03  -2.92810e-04   3.67267e-02  -2.55730e-05 
 -4.18318e-04   6.07673e-03   2.12837e-03  -5.26904e-03  -3.72947e-05   6.07673e-03  -1.17524e-05 
 -4.71532e-05  -2.24854e-02   3.95233e-04   2.76600e-04   1.84407e-04  -2.24854e-02   4.22768e-06 
  2.91231e-03   4.16167e-02   3.81520e-03   6.54025e-03  -4.05642e-04   4.16167e-02   1.51035e-05 
  8.49036e-03  -3.61357e-02  -8.58424e-03   3.30940e-03   3.17460e-04  -3.61357e-02   2.34301e-05 
 -3.17742e-04  -3.07933e-02  -1.77947e-03  -7.00516e-04   2.64649e-04  -3.07933e-02   2.84466e-07 
 -8.01694e-04  -5.65785e-03   1.88129e-03   3.90085e-03   1.83787e-05  -5.65785e-03   6.37081e-06 
 -1.21601e-03   3.11717e-02   4.28763e-03  -5.98365e-03  -2.43989e-04   3.11717e-02  -1.64279e-05 
  1.27902e-02  -4.89178e-02  -9.25172e-03   2.43575e-03   4.18500e-04  -4.89178e-02   2.52929e-05 
  2.40172e-03  -7.61739e-02  -8.39051e-03   7.41820e-03   6.36615e-04  -7.61739e-02   2.66576e-05 
 -5.72141e-03   2.43666e-03   3.86646e-03  -2.32070e-03  -1.15710e-05   2.43666e-03  -1.25066e-05 
  4.73882e-03   8.63339e-02   2.04694e-03  -1.31131e-02  -6.84607e-04   8.63339e-02  -3.11950e-05 
  1.24457e-02  -4.04006e-03  -5.68518e-03   4.70535e-04   3.83464e-05  -4.04006e-03   1.38786e-05 
  5.36386e-03   1.38361e-02  -1.89830e-03   4.27588e-03  -1.31889e-04   1.38361e-02   1.35643e-05 
  3.78361e-03   1.16096e-02  -2.63868e-03  -5.61855e-03  -6.10300e-05   1.16096e-02  -8.66267e-06 
 -1.10936e-02  -8.66916e-02  -2.02260e-03   7.88260e-03   7.13444e-04  -8.66916e-02   1.28194e-05 
  1.39876e-02  -8.76819e-02  -1.64486e-02   6.34041e-03   7.64175e-04  -8.76819e-02   3.83117e-05 
  3.33766e-04   1.24036e-02   1.34989e-03  -3.12068e-03  -8.78965e-05   1.24036e-02  -8.06651e-06 
 -5.03651e-05   1.85543e-02  -2.28018e-04   6.92064e-03  -1.98220e-04   1.85543e-02   1.48890e-05 
  5.60106e-03   2.43762e-02   5.66003e-04   8.04403e-03  -2.47994e-04   2.43762e-02   2.40736e-05 
  1.50749e-03   9.60759e-03  -5.30652e-04  -9.10101e-04  -7.52944e-05   9.60759e-03  -2.99216e-07 
 -6.69739e-03  -1.34248e-03   4.16512e-04  -1.21462e-02   8.47856e-05  -1.34248e-03  -3.55193e-05 
  1.04680e-03  -6.85043e-02   2.90509e-05   2.16058e-02   4.60811e-04  -6.85043e-02   5.42257e-05 
 -9.05436e-05   3.00257e-02  -1.44541e-03  -1.03711e-02  -1.88313e-04   3.00257e-02  -2.81652e-05 
  7.37264e-03  -1.23584e-02  -5.76182e-03   3.76705e-03   1.02595e-04  -1.23584e-02   2.01919e-05 
  2.34235e-03   1.27124e-02  -2.07941e-03   3.71877e-03  -1.26007e-04   1.27124e-02   1.27277e-05 
  8.22482e-03   1.63959e-02  -7.13447e-03  -7.85627e-03  -6.75116e-05   1.63959e-02  -8.08412e-06 
 -1.62725e-03   6.32101e-03   4.45004e-03   1.32546e-03  -8.38482e-05   6.32101e-03   6.57471e-07 
 -1.52036e-04  -6.99131e-03   5.81814e-03   1.68729e-03   2.01817e-05  -6.99131e-03   1.14103e-06 
 -2.38299e-03  -7.33178e-03   5.33158e-03   7.15287e-03   2.59624e-06  -7.33178e-03   1.41230e-05 
  1.23546e-03   3.57957e-02   6.89643e-05   5.14756e-03  -3.34762e-04   3.57957e-02   1.33438e-05 
 -5.09849e-03   2.90487e-02   2.53560e-03  -1.51619e-02  -1.67633e-04   2.90487e-02  -4.44557e-05 
 -2.17338e-03  -2.95023e-02   5.38357e-03   4.22343e-03   2.10152e-04  -2.95023e-02   4.08150e-06 
 -3.13139e-03  -7.51494e-03   3.48573e-03   4.32298e-03   2.40932e-05  -7.51494e-03   5.77654e-06 
 -1.66638e-03   1.50642e-02   3.27709e-03   4.20703e-03  -1.72593e-04   1.50642e-02   9.55430e-06 
  4.06628e-03  -2.19238e-02   1.06168e-03   6.76919e-03   1.39039e-04  -2.19238e-02   2.23783e-05 
 -5.78772e-03   5.34020e-03  -1.02322e-04   1.22588e-03  -4.48123e-05   5.34020e-03  -6.13946e-07 
 -2.57887e-03   7.86946e-03   5.19404e-03  -2.76230e-03  -7.37109e-05   7.86946e-03  -1.30637e-05 
 -9.34228e-04   2.39415e-03  -5.11350e-04   3.32594e-03  -3.29328e-05   2.39415e-03   4.64565e-06 
 -1.22056e-03   9.64808e-03   9.63615e-03   1.09789e-02  -1.92279e-04   9.64808e-03   2.01154e-05 
  1.92813e-04   1.37871e-02  -2.28890e-04  -4.31377e-03  -9.30141e-05   1.37871e-02  -9.25865e-06 
 -6.01163e-04   1.27260e-02  -3.11297e-03   1.09311e-03  -9.73702e-05   1.27260e-02   5.73376e-06 
  2.31618e-03  -3.37213e-03   3.14703e-03  -5.72836e-04   1.05277e-05  -3.37213e-03  -1.14346e-06 
  2.59720e-04   4.81361e-03   1.13963e-03   2.37960e-03  -6.17359e-05   4.81361e-03   3.91611e-06 
 -2.26140e-03  -3.12971e-03  -7.92692e-04  -3.77373e-04   3.40881e-05  -3.12971e-03  -1.70690e-06 
  1.46414e-03  -4.22883e-03   2.58897e-03   2.46454e-03   7.96944e-06  -4.22883e-03   5.06957e-06 
 -9.70912e-04  -2.08699e-02   1.69954e-04  -5.01293e-03   1.99602e-04  -2.08699e-02  -1.55747e-05 
 -1.66363e-04  -2.85338e-02  -1.38412e-03  -5.78091e-04   2.53496e-04  -2.85338e-02   3.55019e-06 
  4.65375e-04  -9.46635e-03   2.04351e-03  -1.10425e-03   7.84693e-05  -9.46635e-03  -2.18869e-06 
 -7.65691e-04  -3.70134e-03  -5.63424e-04   1.75087e-03   2.30733e-05  -3.70134e-03   1.36206e-06 
  2.44232e-04   3.25874e-03  -2.29208e-03  -5.00599e-03   8.27414e-06   3.25874e-03  -1.05109e-05 
 -1.50801e-04   1.50092e-02  -1.97148e-03  -3.87841e-03  -9.77738e-05   1.50092e-02  -7.02600e-06 
  6.42393e-04   1.77608e-02   6.96406e-04  -2.84828e-04  -1.52338e-04   1.77608e-02  -3.07753e-06 
  2.54224e-03  -1.21757e-03   7.73555e-04   4.56383e-03  -2.36295e-05  -1.21757e-03   1.25677e-05 
  1.62681e-03   9.15539e-03   1.77717e-03   2.57218e-04  -8.99191e-05   9.15539e-03  -2.36998e-06 
  4.29149e-04   1.59612e-03  -1.01078e-03   2.62819e-03  -2.26522e-05   1.59612e-03   7.05819e-06 
  2.00781e-03   4.37678e-02  -1.93215e-03   2.70404e-03  -3.77680e-04   4.37678e-02   9.21778e-06 
  1.16848e-03   7.98271e-03  -1.30796e-03   8.11545e-03  -1.01244e-04   7.98271e-03   3.00703e-05 
  1.55105e-03   1.97317e-03   5.97289e-03   1.86930e-03  -5.77912e-05   1.97317e-03   9.86231e-06 
 -1.00500e-03   8.75579e-03  -1.79296e-03  -5.76498e-03  -3.66479e-05   8.75579e-03  -2.07713e-05 
 -2.23803e-03  -1.79327e-03  -1.89808e-03  -1.31154e-03   3.44128e-05  -1.79327e-03  -3.66686e-06 
  7.27631e-04   2.25613e-04  -1.54437e-04   6.14634e-03  -2.96709e-05   2.25613e-04   1.81021e-05 
 -1.44680e-03  -3.80969e-03  -2.04470e-03   4.74318e-03   1.90294e-05  -3.80969e-03   1.19900e-05 
  1.31023e-04  -2.60493e-03   6.43817e-04  -3.19304e-03   3.65786e-05  -2.60493e-03   4.60512e-07 
 -1.85149e-03   1.50640e-02  -2.41856e-03  -4.94111e-03  -9.11179e-05   1.50640e-02  -1.88354e-05 
 -9.13720e-04   3.59150e-03   1.07785e-03   1.28921e-03  -4.35011e-05   3.59150e-03  -1.08470e-06 
 -1.55741e-03  -2.27119e-03  -6.07340e-03   9.62553e-04   4.52416e-05  -2.27119e-03   1.03251e-05 
 -1.78976e-03  -6.23960e-04  -4.90483e-03  -3.23201e-03   4.66483e-05  -6.23960e-04  -5.65430e-06 
 -4.49215e-04  -7.01659e-03  -2.10591e-04  -6.75194e-03   9.90649e-05  -7.01659e-03  -1.82821e-05 
  2.83799e-03  -7.04912e-03   4.25155e-03   5.55628e-03   6.76331e-06  -7.04912e-03   1.45415e-05 
 -5.52098e-04   2.91739e-03  -1.93544e-03  -5.67626e-03   1.49750e-05   2.91739e-03  -3.80337e-06 
  1.66266e-03  -7.76081e-03   2.96502e-03   1.64377e-03   4.01475e-05  -7.76081e-03   1.69267e-06 
  1.32687e-03   1.55316e-04   2.93057e-03   4.56485e-03  -3.95674e-05   1.55316e-04   1.29767e-05 
 -2.78870e-03   1.45663e-02  -1.18640e-03  -1.91064e-03  -1.09195e-04   1.45663e-02  -1.19897e-05 
  1.33547e-03  -2.12314e-02   3.80824e-03   3.75216e-03   1.43008e-04  -2.12314e-02   7.67632e-06 
 -1.84670e-03   9.26518e-03   2.22137e-03  -4.01184e-03  -6.55772e-05   9.26518e-03  -1.91395e-05 
  8.40511e-04  -1.60917e-02   3.78345e-03  -7.44691e-03   1.54841e-04  -1.60917e-02  -2.06170e-05 
  3.65395e-03  -6.75631e-03   5.72663e-03  -1.82902e-04   2.71968e-05  -6.75631e-03   2.87390e-06 
  1.93207e-03   1.24030e-02   1.96837e-03  -1.08015e-03  -1.09638e-04   1.24030e-02  -8.04300e-07 
  1.52857e-04  -9.07164e-03  -3.33956e-03  -5.43809e-03   1.21518e-04  -9.07164e-03  -9.44506e-06 
  9.27694e-04  -3.10185e-03   1.03093e-03  -1.91819e-03   3.33950e-05  -3.10185e-03  -1.21933e-06 
 -2.40857e-03   4.59736e-03  -9.08628e-04   1.64097e-03  -3.98310e-05   4.59736e-03   2.38703e-06 
  1.46567e-03  -4.88499e-03  -5.26796e-03  -3.45753e-03   8.27830e-05  -4.88499e-03  -2.61577e-06 
  6.54714e-04   1.83577e-03  -7.09279e-03   4.35089e-04   1.33612e-05   1.83577e-03   6.11658e-06 
 -2.25171e-03  -7.16317e-03   1.11503e-03  -3.51046e-03   7.64093e-05  -7.16317e-03  -1.33372e-05 
  1.53065e-03  -1.83313e-02   1.45771e-03  -4.62072e-03   1.74076e-04  -1.83313e-02  -6.94209e-06 
 -1.57589e-03   7.58985e-03   1.96013e-04   2.33387e-03  -7.92897e-05   7.58985e-03   6.37294e-06 
 -1.18524e-03   8.03034e-03  -8.21383e-03   1.80776e-03  -3.79941e-05   8.03034e-03   8.25868e-06 
 -1.24104e-04  -9.87656e-05  -6.86785e-03  -1.84533e-03   4.42689e-05  -9.87656e-05  -2.22652e-06 
  3.15383e-04  -6.01210e-03   2.92531e-03  -1.05168e-05   3.67112e-05  -6.01210e-03  -1.20801e-06 
 -3.86811e-04  -5.50561e-03  -1.20270e-05  -1.46774e-03   5.30552e-05  -5.50561e-03  -4.78269e-06 
 -1.95111e-04   2.22578e-03   2.07180e-04  -1.55205e-03  -1.08866e-05   2.22578e-03  -7.48587e-06 
 -2.15250e-05   6.47021e-04   2.69934e-03  -7.68245e-04  -1.34271e-05   6.47021e-04  -7.26149e-06 
 -2.24940e-03   1.69991e-03  -2.92222e-03  -6.28424e-04   7.31626e-06   1.69991e-03  -7.49113e-06 
  1.92864e-03  -6.42293e-03  -3.45293e-03  -2.61232e-03   8.34709e-05  -6.42293e-03   4.76440e-07 
 -8.23946e-04   5.64108e-03  -2.13886e-03   6.23057e-04  -4.00919e-05   5.64108e-03   3.15992e-06 
 -8.84256e-04   7.09674e-03   5.52899e-03  -9.39503e-04  -8.15212e-05   7.09674e-03  -6.63922e-06 
  2.68515e-04  -6.72115e-03   5.77383e-03   1.35366e-03   1.96674e-05  -6.72115e-03  -3.39591e-07 
  4.03618e-04   8.55508e-04   1.26777e-04  -3.22802e-04  -4.54157e-06   8.55508e-04   2.40645e-06 
 -1.05500e-03  -2.47797e-03   1.93205e-03  -7.97100e-04   1.49258e-05  -2.47797e-03  -7.80429e-06 
  1.85429e-03  -5.70105e-03   5.30891e-03   9.09290e-04   1.86381e-05  -5.70105e-03   7.51474e-06 
 -2.67175e-03   8.21433e-04   4.58935e-03  -2.48373e-04  -2.67231e-05   8.21433e-04  -7.20204e-06 
  8.65565e-04  -2.46677e-03  -2.50306e-03  -1.69408e-03   4.36532e-05  -2.46677e-03  -1.81492e-06 
  1.07959e-03  -6.41549e-03   4.93322e-03  -9.26758e-04   3.60486e-05  -6.41549e-03  -9.09096e-07 
 -5.94402e-04  -5.94018e-03   2.02410e-04   3.54793e-06   4.94666e-05  -5.94018e-03  -3.98902e-06 
 -7.79530e-04  -5.25641e-03   3.82897e-04   4.95961e-04   3.92660e-05  -5.25641e-03  -4.90219e-06 
 -1.83199e-03  -1.55338e-03  -2.08593e-03  -8.78581e-04   2.87623e-05  -1.55338e-03  -8.06310e-06 
  8.41115e-06  -7.47923e-04   5.18158e-03   1.96446e-03  -3.05936e-05  -7.47923e-04  -1.15342e-06 
  6.45296e-04  -4.60557e-03   8.23675e-03  -2.47145e-03   1.19631e-05  -4.60557e-03  -3.41606e-06 
  8.44303e-04  -4.25651e-04  -4.90665e-03   2.05918e-04   2.74672e-05  -4.25651e-04   4.09198e-06 
  1.03131e-03   2.20755e-04   3.76458e-04  -1.24078e-03   1.47404e-06   2.20755e-04  -3.78787e-06 
 -3.62454e-04  -6.94339e-03  -1.62714e-03  -2.96900e-06   6.55200e-05  -6.94339e-03   1.44828e-06 
  1.16570e-03  -6.31404e-03   4.88994e-03   2.22050e-04   3.07902e-05  -6.31404e-03   2.83894e-06 
 -7.19600e-04   4.18390e-03   7.69843e-04  -7.43366e-04  -3.77251e-05   4.18390e-03  -2.42334e-06 
  9.40909e-04   1.58245e-03   3.65376e-03   4.40360e-04  -3.33480e-05   1.58245e-03  -1.81593e-06 
  9.68169e-04   3.78152e-03   3.81545e-04   1.43305e-03  -4.37345e-05   3.78152e-03   8.11432e-07 
  3.59767e-04  -2.74760e-03   6.39883e-03  -5.98953e-04  -7.26110e-06  -2.74760e-03  -6.55014e-06 
  1.17949e-03   2.24636e-03   3.47597e-03  -7.57361e-04  -3.33640e-05   2.24636e-03  -3.25007e-06 
  1.22372e-03  -4.52312e-03  -6.63955e-04   2.99954e-04   4.06472e-05  -4.52312e-03   1.86730e-07 
 -1.35773e-03   1.91178e-03  -7.65507e-03   5.47723e-04   1.84999e-05   1.91178e-03   1.32401e-07 
 -1.46746e-03   1.55440e-03  -1.17955e-03   1.14215e-03  -1.34380e-05   1.55440e-03  -1.27311e-06 
 -1.99732e-04   2.14985e-03  -2.47366e-04   1.04772e-04  -1.74151e-05   2.14985e-03  -1.15400e-06 
 -1.92127e-04  -1.58884e-03  -2.13918e-03   1.12721e-03   1.59939e-05  -1.58884e-03   1.18710e-06 
 -1.00992e-05   5.04848e-03  -1.68611e-03   7.80485e-06  -3.48685e-05   5.04848e-03   4.72482e-07 
 -2.03555e-04  -2.02650e-03   2.84607e-03   2.36955e-04   2.12158e-06  -2.02650e-03  -5.73316e-06 
 -3.39502e-04   4.24825e-03  -3.94831e-03   1.99824e-04  -1.79981e-05   4.24825e-03   3.77848e-06 
 -2.08776e-04   4.22904e-03   3.19174e-03   9.52337e-04  -5.74626e-05   4.22904e-03   1.81769e-06 
 -1.83443e-03   3.87423e-03  -8.00351e-03   1.29072e-03  -6.15550e-07   3.87423e-03   6.29540e-06 
 -9.09664e-04   6.34513e-04  -2.20476e-03  -1.00818e-03   1.12332e-05   6.34513e-04   4.54500e-07 
  1.67283e-04   4.62097e-04   1.41123e-03  -9.75824e-04  -4.10049e-06   4.62097e-04  -5.81279e-06 
  5.62593e-04   5.44248e-03   1.65882e-03  -1.43146e-03  -4.80782e-05   5.44248e-03   2.15708e-07 
  3.21772e-03  -2.15632e-03   9.93737e-03  -1.18943e-03  -2.34414e-05  -2.15632e-03  -6.35590e-06 
  1.55907e-03  -2.75616e-03   3.30288e-03  -8.02660e-04   1.05214e-05  -2.75616e-03  -4.63163e-06 
 -4.03359e-03   1.04497e-02  -5.69999e-03   1.00053e-03  -6.53023e-05   1.04497e-02   2.35450e-06 
  6.00579e-04  -4.54024e-04   3.75766e-04  -1.52525e-04   3.75775e-06  -4.54024e-04   1.55695e-06 
 -2.07047e-03   4.36806e-05  -1.38066e-03   1.27554e-03  -7.37251e-07   4.36806e-05   2.40467e-06 
  2.94123e-03  -6.15566e-03   6.21766e-03   4.91729e-05   2.13590e-05  -6.15566e-03  -1.19011e-06 
 -4.97866e-04   3.27536e-03  -3.14254e-03   1.32995e-04  -1.22755e-05   3.27536e-03  -1.54779e-06 
 -3.50070e-04  -4.72705e-04   2.45590e-03  -2.70619e-04  -6.64354e-06  -4.72705e-04   3.69312e-08 
 -5.07033e-04  -4.59447e-04  -1.67572e-03   9.43494e-04   6.32828e-06  -4.59447e-04   3.43111e-06 
 -5.84447e-04  -1.79068e-03   6.10147e-04   3.54591e-04   1.08703e-05  -1.79068e-03  -7.87570e-07 
  8.33385e-04  -2.14048e-03   1.03268e-03  -4.93260e-04   1.53542e-05  -2.14048e-03  -1.83663e-06 
 -4.00752e-04   4.00013e-03   4.82860e-04  -1.00592e-03  -3.10873e-05   4.00013e-03  -2.33354e-06 
  1.96618e-03  -3.15487e-03   3.76938e-03  -8.28209e-04   1.11895e-05  -3.15487e-03  -4.10441e-06 
  6.71881e-04  -2.76226e-04  -2.92778e-04  -4.30242e-04   5.47969e-06  -2.76226e-04  -1.87128e-06 
 -3.43224e-04   4.80453e-03  -1.93546e-03   1.26887e-03  -3.95892e-05   4.80453e-03   5.10753e-06 
 -1.13446e-03  -4.10969e-03   6.79746e-04  -1.25626e-04   3.22925e-05  -4.10969e-03  -3.98441e-06 
  9.72742e-04  -2.56923e-03   9.16530e-04  -3.93288e-04   1.99144e-05  -2.56923e-03  -1.09368e-06 
 -5.72276e-04  -5.29802e-03  -6.10671e-04   4.72820e-04   4.54457e-05  -5.29802e-03  -1.18503e-06 
 -4.63985e-05  -6.58069e-03   3.54279e-03  -4.09083e-04   4.04803e-05  -6.58069e-03  -4.07913e-06 
 -2.27566e-03   1.12152e-02  -5.11249e-03   8.90912e-04  -7.49030e-05   1.12152e-02   5.07804e-06 
  1.07085e-03   4.23279e-03   1.01088e-03  -6.88292e-05  -3.99432e-05   4.23279e-03  -1.03024e-06 
  1.63102e-03  -8.95534e-04   2.24856e-03  -1.36941e-04  -2.52322e-06  -8.95534e-04  -8.80705e-07 
 -1.39880e-05   1.08905e-03   4.31830e-04  -1.03999e-05  -1.10354e-05   1.08905e-03   2.04160e-06 
 -9.18393e-04   4.61512e-04  -5.05769e-04  -3.73870e-04   1.44038e-06   4.61512e-04   1.26498e-06 
 -1.72177e-03   8.77496e-03  -3.11840e-03   2.69105e-04  -6.08120e-05   8.77496e-03   4.03039e-06 
 -1.02080e-04   7.06227e-04   8.89770e-05  -3.86376e-04  -4.49750e-06   7.06227e-04   1.03864e-06 
  3.36191e-04   2.88121e-03  -7.17868e-04  -3.35561e-05  -2.08872e-05   2.88121e-03  -2.02896e-07 
 -1.59515e-03   5.24821e-03  -4.23462e-03  -3.22255e-05  -2.27556e-05   5.24821e-03   4.14764e-06 
  1.75276e-06   1.37542e-03   1.51580e-03   2.46600e-04  -1.88631e-05   1.37542e-03  -1.19247e-06 
 -1.27658e-04   3.50844e-03  -5.16750e-04  -1.30677e-04  -2.66298e-05   3.50844e-03  -2.44239e-06 
 -6.16775e-04  -2.30757e-03  -2.53740e-03   1.19847e-03   2.53014e-05  -2.30757e-03   5.37416e-06 
 -4.44248e-05   1.22139e-03   1.10789e-03  -5.78235e-04  -1.22906e-05   1.22139e-03  -3.92472e-06 
 -7.99994e-04  -3.08974e-04  -9.24558e-04   1.73728e-04   6.25495e-06  -3.08974e-04   2.64538e-07 
  1.81132e-03  -1.01862e-03   1.78207e-03  -3.74096e-05  -5.36070e-07  -1.01862e-03  -1.05167e-06 
 -4.95313e-04   1.20159e-04  -1.76395e-04   3.51985e-05  -1.31598e-07   1.20159e-04   2.69890e-06 
  1.74147e-03  -2.76295e-03   4.72461e-03  -3.41407e-04   2.97757e-06  -2.76295e-03  -8.33841e-06 
 -1.84054e-03   4.00870e-04  -1.56542e-03   3.47405e-04   2.65964e-06   4.00870e-04   1.68540e-06 
 -2.06135e-03  -1.95236e-03  -1.90657e-03   2.80586e-05   2.52755e-05  -1.95236e-03   3.54562e-06 
  1.68756e-03  -4.10056e-03   3.22389e-03  -1.06022e-04   1.94827e-05  -4.10056e-03  -2.82150e-06 
  1.03008e-03  -8.28616e-03   2.64211e-03   6.45331e-04   5.34106e-05  -8.28616e-03  -1.65537e-06 
  6.27629e-04  -1.56969e-03   1.05868e-03   2.77538e-04   6.81431e-06  -1.56969e-03   9.01086e-07 
  1.53931e-03   1.24419e-03   1.17403e-03  -6.54452e-04  -1.29704e-05   1.24419e-03  -4.30253e-06 
 -2.96635e-04   1.56112e-03  -4.56509e-04   5.65426e-04  -1.45555e-05   1.56112e-03   1.58722e-06 
  6.46019e-05  -1.04990e-04  -6.94272e-04   1.43621e-04   4.07173e-06  -1.04990e-04  -7.62201e-07 
  7.22534e-04   1.82281e-03  -2.35176e-04  -9.80473e-05  -1.40118e-05   1.82281e-03  -8.12644e-07 
  1.36813e-03  -6.47369e-03   1.51371e-03  -2.26282e-04   4.85094e-05  -6.47369e-03  -1.93894e-06 
  1.17272e-03  -1.47186e-03   4.42777e-04  -1.19935e-03   1.75182e-05  -1.47186e-03  -3.35885e-06 
 -2.82091e-04  -1.05088e-03   1.60464e-05   2.02742e-04   7.36414e-06  -1.05088e-03   2.36088e-06 
  8.73674e-04  -5.99529e-03   2.24061e-03   7.57947e-04   3.61942e-05  -5.99529e-03  -2.65742e-06 
 -6.92136e-05  -2.61955e-04   1.90868e-04  -3.60395e-04   3.55798e-06  -2.61955e-04  -1.57857e-06 
 -1.26998e-03   4.53264e-03  -2.64953e-03  -1.34804e-03  -1.76568e-05   4.53264e-03   1.63937e-06 
  4.61154e-04  -9.71299e-04   1.50754e-03   2.28625e-04   1.62392e-08  -9.71299e-04  -3.42900e-06 
  1.07736e-03   2.13557e-03   2.59252e-03  -5.92471e-04  -2.68954e-05   2.13557e-03  -4.17824e-06 
  4.43783e-04   3.54583e-04  -2.73972e-04  -7.15632e-04   1.93001e-06   3.54583e-04  -1.73840e-06 
 -7.88825e-04   2.07636e-03  -7.28225e-04   3.94849e-04  -1.66125e-05   2.07636e-03   2.16283e-06 
 -4.54838e-04   2.44179e-03  -9.92036e-04  -2.25865e-04  -1.46836e-05   2.44179e-03   1.60855e-07 
 -2.82407e-04   1.66535e-03  -1.34658e-04  -2.58242e-04  -1.20799e-05   1.66535e-03   1.48577e-06 
  2.62017e-04   1.77059e-04   1.41309e-04  -3.60496e-04  -2.92530e-07   1.77059e-04  -6.49548e-07 
  5.67121e-04  -2.25611e-04   4.49650e-04   1.23384e-04  -1.30224e-06  -2.25611e-04  -2.84056e-07 
 -2.39149e-05  -2.98963e-04   1.35515e-03  -7.11239e-04   4.10119e-07  -2.98963e-04  -2.96150e-06 
  1.10632e-03   9.25054e-04   1.55785e-03   4.89434e-04  -1.87502e-05   9.25054e-04  -4.09138e-06 
  1.56600e-04   1.82385e-04   6.80180e-05   1.21955e-03  -8.30252e-06   1.82385e-04   1.41042e-06 
 -1.49277e-03   1.39571e-03  -2.66154e-03   9.79975e-05   8.26870e-07   1.39571e-03   3.78230e-06 
 -1.79194e-03   4.95238e-03  -9.05877e-04  -3.74489e-04  -3.61098e-05   4.95238e-03   2.08871e-06 
  9.75499e-04  -2.75989e-03   1.45100e-03   1.06105e-04   1.49789e-05  -2.75989e-03  -3.30607e-06 
 -1.38044e-04  -3.12995e-03   1.21969e-03   1.08698e-03   1.50772e-05  -3.12995e-03  -1.13812e-08 
  6.22064e-04   3.72916e-04   1.10565e-03   5.36905e-05  -8.29534e-06   3.72916e-04  -1.63536e-06 
  4.73239e-04  -3.83064e-04  -4.49869e-04  -1.60550e-04   6.13753e-06  -3.83064e-04   1.18864e-07 
 -9.80384e-04   8.18638e-04  -1.39677e-04   4.70079e-04  -8.84837e-06   8.18638e-04   2.56606e-06 
 -3.10282e-04   2.63555e-03  -4.79732e-04  -3.49612e-04  -1.72564e-05   2.63555e-03  -9.28233e-07 
  5.53578e-06  -9.23426e-04   1.22458e-05   4.54175e-04   4.07092e-06  -9.23426e-04   7.40061e-07 
 -3.24861e-04   3.81991e-04  -1.71113e-03   5.49276e-04   1.63542e-06   3.81991e-04   3.16691e-06 
  8.67366e-04   1.34548e-03   1.37919e-03   3.05956e-04  -2.00088e-05   1.34548e-03  -2.58756e-06 
  6.37671e-05  -1.41386e-03   1.10895e-04   5.22901e-04   9.05224e-06  -1.41386e-03   2.45821e-07 
  2.80352e-05  -5.96443e-04   3.10999e-04  -6.73057e-04   7.55268e-06  -5.96443e-04  -1.91940e-06 
  3.92930e-04   1.52448e-03   1.14710e-03  -1.22259e-04  -1.74890e-05   1.52448e-03  -1.94900e-06 
 -4.15939e-04   1.11410e-03  -1.34673e-04  -1.23118e-04  -8.25814e-06   1.11410e-03   6.88912e-07 
