 -4.76154e-01   1.16209e+00   4.27108e-01  -6.41230e-01  -1.37480e-02   1.16209e+00  -1.93552e-03 
  1.25083e+00  -3.07741e+00  -1.12534e+00   1.68720e+00   3.63530e-02  -3.07741e+00   5.08991e-03 
  8.06488e-01  -1.48058e+00  -8.19566e-01   9.86189e-01   2.15586e-02  -1.48058e+00   2.99590e-03 
 -1.07347e+00   1.25155e+00   1.20999e+00  -1.16908e+00  -2.57472e-02   1.25155e+00  -3.58662e-03 
 -1.16478e-01  -1.54527e-01   1.68503e-01  -7.23630e-02  -1.39625e-03  -1.54527e-01  -2.39281e-04 
  4.13556e-02   6.06385e-01  -1.24168e-01  -7.75528e-02  -2.27973e-03   6.06385e-01  -1.99155e-04 
 -4.68086e-02  -4.46397e-01   1.14503e-01   4.13569e-02   1.32837e-03  -4.46397e-01   9.65273e-05 
  6.64772e-02  -5.62306e-02  -7.62123e-02   7.08810e-02   1.46283e-03  -5.62306e-02   2.19781e-04 
  1.60180e-01   2.05678e-01  -2.17251e-01   1.14665e-01   1.66125e-03   2.05678e-01   3.78778e-04 
  8.99979e-02  -4.48967e-01  -7.77164e-02   1.45948e-01   4.41405e-03  -4.48967e-01   4.26065e-04 
 -1.32198e-01  -4.86043e-01   2.09651e-01  -5.59016e-02   5.11273e-04  -4.86043e-01  -2.17571e-04 
 -8.65403e-02   1.06085e-02   1.05444e-01  -9.75520e-02  -1.40121e-03   1.06085e-02  -3.10714e-04 
 -2.63033e-01   8.27226e-01   2.62483e-01  -4.24448e-01  -9.06561e-03   8.27226e-01  -1.28613e-03 
 -8.39605e-02   2.23521e-01   1.01492e-01  -1.31273e-01  -2.91029e-03   2.23521e-01  -4.05123e-04 
 -8.57278e-02   5.15934e-01   6.79017e-02  -1.83414e-01  -4.44520e-03   5.15934e-01  -5.41423e-04 
 -1.06205e-01   7.44575e-01   9.52935e-02  -2.32728e-01  -6.64063e-03   7.44575e-01  -6.81757e-04 
 -2.85532e-01   1.77923e+00   1.94229e-01  -6.31948e-01  -1.45916e-02   1.77923e+00  -1.85378e-03 
 -1.34472e-01   8.94530e-01   8.20922e-02  -3.05126e-01  -7.17382e-03   8.94530e-01  -8.89187e-04 
  6.69108e-02  -4.56135e-01  -2.83176e-02   1.70793e-01   3.25341e-03  -4.56135e-01   4.99812e-04 
 -2.26788e-03  -6.66095e-02  -1.13904e-02  -4.48179e-03   8.99373e-04  -6.66095e-02  -1.59023e-05 
  1.44354e-02  -2.50128e-01  -5.35179e-03   4.75841e-02   2.01836e-03  -2.50128e-01   1.31358e-04 
 -9.91789e-03   4.69003e-01   2.70755e-03  -8.54421e-02  -3.74030e-03   4.69003e-01  -2.36966e-04 
 -3.98090e-02  -3.58087e-02   4.69948e-02  -3.31146e-02  -1.92920e-04  -3.58087e-02  -1.12660e-04 
 -3.13795e-03   2.40220e-01  -1.55862e-02  -6.12884e-02  -1.45387e-03   2.40220e-01  -1.66676e-04 
  2.69147e-03   2.65908e-01   7.01808e-04  -1.82368e-02  -2.41463e-03   2.65908e-01  -3.22000e-05 
  7.94909e-02  -1.19053e+00   5.25659e-03   3.55678e-01   7.86108e-03  -1.19053e+00   1.03319e-03 
 -4.18357e-02   6.45623e-02   7.87314e-03  -1.02924e-01   2.74995e-04   6.45623e-02  -3.21254e-04 
 -1.85511e-02   4.58187e-02  -1.04071e-03  -8.99037e-02   5.01705e-04   4.58187e-02  -2.91251e-04 
 -1.08643e-02  -2.63704e-01   1.16889e-02   4.76506e-02   1.83039e-03  -2.63704e-01   1.29463e-04 
 -6.47322e-02   4.89125e-01  -3.46075e-02  -2.71952e-01  -1.25786e-03   4.89125e-01  -8.39012e-04 
  1.84315e-03   3.23206e-02  -7.58080e-03   5.63505e-03  -2.78550e-04   3.23206e-02   1.81836e-05 
 -1.37047e-02   3.04191e-01  -2.12742e-02  -1.25906e-01  -1.14128e-03   3.04191e-01  -3.83290e-04 
  2.49773e-02   7.46619e-01  -1.76250e-02  -6.68458e-02  -6.19709e-03   7.46619e-01  -1.53211e-04 
 -4.72382e-03  -6.05603e-02   3.25734e-03  -3.41223e-03   5.72850e-04  -6.05603e-02  -1.68756e-05 
  3.14709e-02   6.37538e-01  -4.32504e-02  -8.43915e-03  -5.41019e-03   6.37538e-01   3.28358e-05 
  6.32411e-02   5.73290e-01  -4.34785e-02   3.94194e-02  -4.98317e-03   5.73290e-01   1.59139e-04 
 -3.45021e-02  -9.69040e-02   5.59596e-03  -8.32951e-02   1.68690e-03  -9.69040e-02  -2.79977e-04 
  3.09986e-02   7.44923e-02  -7.13787e-03   7.23526e-02  -1.31653e-03   7.44923e-02   2.33772e-04 
  2.23363e-02  -5.76281e-02  -7.48389e-03   9.93676e-02  -4.50532e-04  -5.76281e-02   3.26061e-04 
  4.28916e-03   4.98610e-03  -1.40370e-03   3.27160e-02  -4.03162e-04   4.98610e-03   9.43782e-05 
 -3.57936e-03  -2.08333e-02   7.39969e-03  -3.72871e-03   1.36506e-04  -2.08333e-02  -1.08919e-05 
  7.15824e-03   2.69037e-01  -3.13798e-02  -1.62726e-02  -1.87834e-03   2.69037e-01  -3.49811e-05 
 -2.92638e-02  -1.57272e-01   3.13092e-02  -5.10853e-02   1.48413e-03  -1.57272e-01  -1.54716e-04 
 -3.82248e-03   1.64680e-01  -2.37206e-03  -1.58706e-03  -1.39309e-03   1.64680e-01  -2.90268e-06 
 -1.97212e-02   1.38855e-02   2.45063e-02  -5.98265e-02   4.03786e-05   1.38855e-02  -1.77548e-04 
 -1.12480e-02  -9.81598e-02   1.52044e-02  -1.52144e-02   8.52830e-04  -9.81598e-02  -5.54501e-05 
 -4.15049e-02   1.76800e-02   3.38989e-02  -1.01035e-01   2.00600e-04   1.76800e-02  -2.88640e-04 
 -3.55086e-03   1.00531e-01  -6.11677e-03  -3.33143e-03  -7.26861e-04   1.00531e-01  -4.88227e-06 
  5.60386e-02  -1.31338e-01  -3.42992e-02   1.66555e-01   3.06477e-04  -1.31338e-01   4.79955e-04 
 -4.13732e-02   9.38041e-02   2.56494e-02  -1.07832e-01  -3.55122e-04   9.38041e-02  -3.06768e-04 
  1.19442e-02  -8.59764e-02  -4.52980e-03   6.26554e-02   2.91753e-04  -8.59764e-02   1.85180e-04 
  5.41552e-03  -8.50305e-03  -1.60376e-02   7.65326e-02  -2.06018e-04  -8.50305e-03   2.22285e-04 
 -6.22940e-03   2.86168e-02   6.26150e-03   2.63147e-03  -2.57483e-04   2.86168e-02  -9.66957e-06 
  8.15678e-03  -7.13623e-02  -6.14178e-03   6.83125e-02   2.76576e-04  -7.13623e-02   1.99490e-04 
  2.00573e-02   2.21234e-02  -6.35561e-03   4.53694e-02  -4.94560e-04   2.21234e-02   1.35270e-04 
 -1.40353e-02  -3.78492e-02  -9.10869e-04   4.44264e-02   2.29847e-04  -3.78492e-02   1.07069e-04 
  6.77893e-03   1.09757e-01   5.38031e-03  -2.80631e-02  -7.89937e-04   1.09757e-01  -9.33065e-05 
  2.72969e-02   7.24031e-03  -1.71242e-02   5.45394e-02  -2.61276e-04   7.24031e-03   1.70805e-04 
 -2.60729e-02  -1.41592e-01   5.83574e-03   2.59755e-02   1.10612e-03  -1.41592e-01   6.04454e-05 
 -8.81189e-03  -1.02480e-01   3.39191e-03   3.46548e-02   6.35792e-04  -1.02480e-01   1.01890e-04 
 -1.33748e-02  -7.77052e-02   4.59083e-03   1.66272e-02   5.50176e-04  -7.77052e-02   4.06513e-05 
  1.23823e-02   5.99613e-02  -1.38487e-03  -8.22027e-03  -4.94001e-04   5.99613e-02  -1.19273e-05 
 -1.94398e-02   6.68426e-03   6.00583e-03   5.27151e-03   1.42678e-06   6.68426e-03  -1.51994e-05 
 -7.79754e-03  -1.00115e-01   1.09949e-03  -2.43150e-03   9.31847e-04  -1.00115e-01  -1.85841e-05 
  4.47629e-03   3.57432e-02   7.01872e-04   3.11329e-02  -4.93741e-04   3.57432e-02   9.29223e-05 
  2.15957e-02   5.35766e-02  -1.03394e-02   1.28716e-02  -5.11261e-04   5.35766e-02   4.45609e-05 
  4.89829e-02  -1.62951e-03  -1.42046e-02  -1.55068e-02   2.55016e-05  -1.62951e-03   4.07940e-06 
 -7.57429e-03   2.63012e-03  -3.02217e-03   4.01359e-03   1.59336e-05   2.63012e-03   1.11572e-05 
  1.66600e-03  -6.34450e-02   2.15738e-03  -5.59820e-03   5.29829e-04  -6.34450e-02  -1.41088e-05 
  1.82663e-03   1.44737e-02   7.60156e-04  -2.61810e-02   1.43691e-05   1.44737e-02  -7.22098e-05 
  4.64059e-03  -8.74306e-02   1.59191e-03   3.24701e-02   5.43690e-04  -8.74306e-02   8.94439e-05 
  1.07953e-02   7.39398e-02   4.11377e-04  -4.40699e-02  -4.28506e-04   7.39398e-02  -1.11110e-04 
 -2.00941e-02  -8.37017e-02   1.59792e-03   3.02842e-02   5.63859e-04  -8.37017e-02   5.15395e-05 
 -5.04494e-03   8.81388e-02   4.55636e-03  -4.74211e-03  -7.48364e-04   8.81388e-02  -1.06029e-05 
 -1.36989e-02   2.70875e-02   1.08234e-02  -4.83967e-03  -2.44981e-04   2.70875e-02  -2.46545e-05 
 -8.88953e-03  -1.71456e-02   3.97627e-03   1.72653e-02   5.59631e-05  -1.71456e-02   2.97474e-05 
 -1.28024e-02  -3.37777e-02  -6.35584e-04  -3.97018e-03   3.02542e-04  -3.37777e-02  -3.43339e-05 
  2.45080e-02  -6.65373e-02  -1.76240e-02  -1.08103e-02   6.26790e-04  -6.65373e-02   1.71162e-05 
  2.75909e-03   8.43400e-03  -7.60367e-04   2.30588e-03  -7.11434e-05   8.43400e-03   6.81021e-06 
  2.56246e-02   4.15626e-03  -8.44574e-03  -1.64013e-02   5.30044e-05   4.15626e-03  -1.16926e-05 
  1.88073e-02  -5.10259e-02  -6.45088e-03  -9.88428e-03   4.99076e-04  -5.10259e-02   8.85460e-07 
  2.20339e-02  -1.71133e-01  -1.23240e-02  -1.64492e-02   1.54587e-03  -1.71133e-01  -5.75558e-06 
 -1.03659e-02  -9.48983e-03   3.40628e-03  -2.62630e-02   2.07036e-04  -9.48983e-03  -7.98560e-05 
 -1.36245e-02  -6.01134e-02   4.40396e-03   1.97763e-04   4.97324e-04  -6.01134e-02  -1.28418e-05 
 -2.68447e-03  -6.64486e-02  -4.68716e-03   1.41724e-02   5.08936e-04  -6.64486e-02   3.31967e-05 
  1.31225e-02  -4.31583e-02  -6.17698e-03  -1.78704e-02   4.63232e-04  -4.31583e-02  -2.80619e-05 
  9.85762e-04   4.04358e-02   5.03150e-04   1.17502e-02  -3.95995e-04   4.04358e-02   2.05785e-05 
  1.10379e-02   9.21561e-02   2.90713e-03  -8.08717e-03  -7.48126e-04   9.21561e-02  -2.36533e-05 
 -3.71896e-03  -1.18909e-02   2.03356e-03  -9.14888e-03   1.48180e-04  -1.18909e-02  -2.71562e-05 
  2.88926e-02   9.58277e-02  -2.33904e-03  -1.70524e-02  -7.56489e-04   9.58277e-02  -1.72074e-05 
 -5.42963e-03  -2.63583e-02   8.45452e-04   7.91880e-03   1.80590e-04  -2.63583e-02   1.28164e-05 
  1.63298e-02  -8.07015e-02  -1.55163e-02  -6.15969e-03   7.49546e-04  -8.07015e-02   2.00342e-05 
 -1.03442e-02   1.43987e-02   2.67654e-03   2.02959e-03  -1.29182e-04   1.43987e-02  -2.52528e-06 
  2.09202e-02   5.12113e-02  -2.66612e-03  -1.11172e-02  -3.95136e-04   5.12113e-02  -7.21550e-06 
 -5.11645e-03   1.06952e-01   8.59834e-03  -1.28277e-02  -8.62047e-04   1.06952e-01  -4.86103e-05 
 -8.59898e-03  -3.73491e-03   1.89857e-03   4.19632e-04   3.11075e-05  -3.73491e-03  -6.83049e-06 
 -4.80762e-03   5.53999e-02   6.99852e-03   2.58289e-04  -4.93179e-04   5.53999e-02  -6.04327e-06 
  7.40440e-03  -4.14156e-03  -9.52314e-03  -1.05344e-02   1.19012e-04  -4.14156e-03  -1.19388e-05 
  4.74653e-03   2.86932e-02  -3.23120e-03   6.17156e-03  -2.60838e-04   2.86932e-02   1.83506e-05 
 -9.91954e-03   3.10968e-02   8.99667e-03  -5.05897e-04  -2.85257e-04   3.10968e-02  -1.50409e-05 
  2.32194e-02   2.01033e-02  -1.44541e-02   2.86589e-03  -1.36411e-04   2.01033e-02   3.50625e-05 
 -1.68952e-03  -3.81059e-03  -1.58974e-04   1.31774e-02  -2.34567e-05  -3.81059e-03   2.93601e-05 
 -1.11671e-02   6.58617e-02   1.08333e-02  -3.15872e-03  -5.66433e-04   6.58617e-02  -2.59391e-05 
 -6.33166e-03   1.58933e-02   2.32436e-03  -1.68441e-02  -4.90644e-05   1.58933e-02  -4.78406e-05 
  9.80708e-03   5.51467e-02   1.16789e-03   7.59133e-03  -5.18259e-04   5.51467e-02   2.69845e-05 
  2.61443e-03   6.96670e-02   5.32581e-03  -8.03022e-03  -5.78221e-04   6.96670e-02  -1.81951e-05 
  5.33650e-03  -1.94220e-03   3.29100e-04   2.18877e-03  -3.90171e-06  -1.94220e-03   8.10074e-06 
 -8.17349e-03  -8.83893e-02  -7.70843e-04  -4.60449e-03   7.76362e-04  -8.83893e-02  -1.29862e-05 
 -1.32177e-02  -1.92939e-02   9.12383e-03   4.49377e-03   1.12758e-04  -1.92939e-02  -3.37269e-06 
 -7.80263e-03   1.64613e-02   7.44689e-03  -1.03160e-02  -1.21659e-04   1.64613e-02  -3.30706e-05 
 -3.05307e-03  -9.76384e-02  -2.87348e-03   1.28359e-02   7.77698e-04  -9.76384e-02   3.26037e-05 
  3.19781e-04   3.44061e-02   4.77896e-03  -7.29020e-03  -2.73106e-04   3.44061e-02  -1.52221e-05 
  2.07568e-03  -2.67824e-02  -1.05929e-03   8.02619e-03   1.90436e-04  -2.67824e-02   1.58859e-05 
  6.40557e-04   1.86871e-02   6.60687e-06   4.27880e-03  -1.75724e-04   1.86871e-02   6.74741e-06 
  1.22989e-02  -8.74565e-02  -1.08254e-02   4.94260e-03   7.52359e-04  -8.74565e-02   2.38215e-05 
  1.66350e-03  -2.09469e-02  -1.11960e-04   4.72581e-03   1.52443e-04  -2.09469e-02   8.98641e-06 
 -3.42233e-03   5.22162e-04   1.42450e-03   2.14564e-03  -1.89983e-05   5.22162e-04   1.35812e-06 
 -3.93982e-04   2.96250e-02   1.54207e-03  -1.00756e-02  -2.00785e-04   2.96250e-02  -1.99537e-05 
 -6.85790e-03  -4.87641e-02  -3.22297e-03   1.42667e-02   3.74439e-04  -4.87641e-02   2.81910e-05 
 -8.50424e-04  -6.24177e-03  -4.89280e-03  -1.09925e-02   1.49977e-04  -6.24177e-03  -2.57776e-05 
  1.94918e-03   5.49628e-04  -4.11307e-03  -1.21270e-03   1.66860e-05   5.49628e-04   2.92360e-06 
 -1.19714e-03  -2.36592e-02  -1.70271e-04  -1.25063e-02   2.70826e-04  -2.36592e-02  -3.37452e-05 
  5.60228e-03  -2.04690e-02   3.49801e-03   2.06563e-02   4.00340e-05  -2.04690e-02   5.02527e-05 
  2.38875e-03   1.11067e-02  -2.42046e-04   6.54395e-03  -1.40699e-04   1.11067e-02   1.96929e-05 
 -2.66197e-04  -4.51523e-02  -4.97946e-03   7.80707e-03   3.62664e-04  -4.51523e-02   1.47576e-05 
  1.27338e-03  -1.28365e-02  -7.39495e-04  -6.34568e-03   1.40061e-04  -1.28365e-02  -1.28010e-05 
  6.42690e-05   3.12544e-02   1.92436e-03   2.68572e-03  -2.83418e-04   3.12544e-02   1.20091e-05 
 -5.87182e-03  -2.24166e-02   3.15086e-03  -6.54203e-03   2.39948e-04  -2.24166e-02  -2.78797e-05 
  3.02623e-03   3.70267e-03   6.37025e-04  -3.31156e-03  -2.32911e-05   3.70267e-03  -2.48203e-06 
 -3.46378e-03  -3.88052e-02  -1.37286e-03   1.16933e-02   2.67387e-04  -3.88052e-02   1.52858e-05 
  4.83789e-03   9.19101e-03   3.18327e-03   7.83189e-04  -1.00690e-04   9.19101e-03   1.62303e-05 
 -6.72177e-03   6.46665e-03  -3.17628e-03   5.36451e-05  -3.35678e-05   6.46665e-03  -1.20285e-05 
  2.46434e-03  -1.85440e-02   1.40401e-03   4.38150e-03   1.16580e-04  -1.85440e-02   8.41938e-06 
  1.98148e-03   5.90179e-03  -7.06410e-03  -1.57514e-02   6.28189e-05   5.90179e-03  -2.13663e-05 
  4.69485e-04   1.83715e-02  -3.75463e-04   1.51085e-04  -1.53832e-04   1.83715e-02   4.14075e-06 
  3.14853e-03  -2.09841e-02   2.03473e-03   1.16344e-02   1.05096e-04  -2.09841e-02   3.75364e-05 
 -2.94795e-03  -1.48570e-02  -4.53396e-03  -7.24028e-03   1.90896e-04  -1.48570e-02  -1.58166e-05 
  5.84996e-04   6.04818e-03  -5.48065e-03  -1.09342e-02   3.71993e-05   6.04818e-03  -1.49806e-05 
 -2.07345e-03  -2.58805e-02   5.18010e-04  -1.80345e-03   2.34567e-04  -2.58805e-02   2.28069e-06 
  5.53739e-04   1.16709e-03   2.25348e-04   4.66569e-03  -3.71034e-05   1.16709e-03   7.40627e-06 
 -1.89577e-03   1.78457e-03   4.97559e-04   4.89119e-04  -2.00925e-05   1.78457e-03  -3.36997e-06 
 -4.46367e-03  -4.26944e-02  -4.46028e-03  -1.33597e-02   4.49438e-04  -4.26944e-02  -3.75992e-05 
 -2.11834e-04  -1.65308e-02   2.07879e-03   3.17169e-03   1.13831e-04  -1.65308e-02   2.13312e-06 
 -1.62987e-05   2.55847e-02  -1.68210e-03   6.53570e-03  -2.41961e-04   2.55847e-02   1.21451e-05 
 -4.02671e-03   6.22124e-03  -3.79790e-03  -9.54600e-04  -2.58193e-05   6.22124e-03  -4.54654e-06 
 -5.36826e-04  -2.08412e-04  -8.02862e-03  -3.12455e-03   5.49674e-05  -2.08412e-04  -7.05034e-06 
 -8.74205e-05   2.56138e-02  -5.03167e-04  -2.16492e-03  -2.04858e-04   2.56138e-02  -1.60209e-05 
 -7.16410e-04   1.54764e-02  -3.20523e-04  -3.42947e-03  -1.12106e-04   1.54764e-02  -1.71972e-05 
  9.07531e-04  -1.80393e-03   5.34994e-03   1.13534e-02  -7.04206e-05  -1.80393e-03   3.50572e-05 
 -4.26265e-04  -3.33932e-02  -2.42934e-03  -2.90047e-04   2.97728e-04  -3.33932e-02   7.70359e-06 
  3.00051e-03   1.56419e-02   2.83264e-03  -1.11240e-03  -1.44917e-04   1.56419e-02  -1.13142e-05 
 -8.05171e-04  -8.06479e-03   3.14307e-03  -5.11682e-03   8.11340e-05  -8.06479e-03  -8.54606e-06 
  2.18371e-03  -2.92828e-02  -1.93662e-03   7.76205e-03   2.10699e-04  -2.92828e-02   3.86391e-05 
  4.48074e-04  -1.29676e-02   3.08357e-03  -7.91362e-03   1.33412e-04  -1.29676e-02  -1.62369e-05 
 -1.77320e-04   3.51788e-03   1.22683e-03  -2.91822e-03  -1.66799e-05   3.51788e-03  -6.93620e-06 
 -4.09912e-03   1.93707e-02  -6.35607e-03  -3.51980e-03  -1.16116e-04   1.93707e-02  -2.35129e-05 
 -1.33217e-03  -3.60878e-03   1.25562e-03   5.30025e-03  -2.29376e-07  -3.60878e-03   1.20994e-05 
 -2.61324e-04   1.34977e-02  -7.59392e-03  -7.10550e-04  -7.19166e-05   1.34977e-02  -5.56688e-06 
  1.16037e-03   3.52625e-03  -4.46919e-03   9.04472e-03  -5.36398e-05   3.52625e-03   3.18330e-05 
  2.76368e-03  -2.48885e-02   3.42421e-03  -1.11463e-03   1.98224e-04  -2.48885e-02  -1.23493e-06 
 -3.04883e-03   2.39304e-02  -2.71294e-03  -3.03377e-04  -1.88379e-04   2.39304e-02   1.01633e-06 
 -2.12212e-03   1.05731e-02  -8.95791e-05  -4.14328e-03  -6.53158e-05   1.05731e-02  -1.63858e-05 
 -1.59755e-03  -2.32401e-02   6.43603e-03  -3.37096e-03   1.86026e-04  -2.32401e-02  -1.31847e-05 
 -1.36309e-03   5.75494e-04  -8.32334e-03  -1.14933e-04   3.75598e-05   5.75494e-04   1.37641e-05 
 -5.25215e-04  -7.94197e-03   4.67335e-04   3.68384e-03   4.66854e-05  -7.94197e-03   6.38139e-06 
 -1.41954e-03   5.95994e-03  -5.63865e-03   1.02258e-03  -2.56059e-05   5.95994e-03   6.94312e-06 
  4.14326e-05   1.03012e-02   2.94554e-03  -3.44140e-03  -8.04301e-05   1.03012e-02  -5.97242e-06 
 -1.03021e-03   1.09965e-03   8.12710e-04   3.42202e-03  -3.33287e-05   1.09965e-03   3.08512e-06 
  4.02339e-03  -2.09976e-02   2.62738e-03   1.74968e-03   1.56903e-04  -2.09976e-02   1.39703e-05 
  1.05508e-03   9.32850e-03   2.81352e-03  -1.04434e-04  -9.33636e-05   9.32850e-03   1.34468e-06 
  1.42658e-03  -4.12330e-03   4.78082e-04   2.67110e-03   1.85784e-05  -4.12330e-03   7.11394e-06 
  1.70116e-03   4.95390e-03   7.30902e-05  -3.59093e-03  -2.46158e-05   4.95390e-03  -3.65955e-06 
 -7.62758e-04   1.14676e-03  -3.42155e-03   6.73315e-04   3.26486e-06   1.14676e-03   1.27261e-06 
  3.04585e-04   1.08667e-02   5.31940e-04  -1.87577e-03  -8.45875e-05   1.08667e-02  -5.27090e-06 
  8.59276e-04  -3.61517e-03  -2.92941e-03  -1.92071e-03   5.79348e-05  -3.61517e-03   1.09042e-07 
 -4.32440e-04   1.17754e-02   3.17746e-03   4.99243e-03  -1.43828e-04   1.17754e-02   1.40125e-05 
  1.49609e-03   4.57873e-03  -2.24548e-03  -9.57685e-05  -2.81239e-05   4.57873e-03   7.20602e-07 
  3.46101e-03  -9.72892e-03  -1.29458e-03  -2.49537e-04   9.26659e-05  -9.72892e-03   7.24699e-06 
  1.78344e-03  -8.40151e-03  -3.26038e-03  -3.94295e-03   1.13047e-04  -8.40151e-03  -6.53751e-06 
 -4.89303e-03   1.92604e-03   7.33883e-03   3.91843e-03  -6.94615e-05   1.92604e-03   2.22701e-06 
  6.93028e-04  -1.61598e-03   6.98925e-05  -9.98242e-04   1.57596e-05  -1.61598e-03  -1.99104e-06 
  2.38564e-03  -5.04328e-03   5.51171e-04  -3.41524e-03   5.43271e-05  -5.04328e-03  -1.74600e-06 
  1.30306e-03   7.80023e-03  -3.25530e-03   4.36718e-04  -5.47370e-05   7.80023e-03   3.26892e-06 
 -8.71831e-04  -8.53932e-03   5.68047e-03  -9.60978e-04   4.73095e-05  -8.53932e-03  -7.07013e-06 
  9.51294e-04  -4.50634e-05   2.45848e-03  -2.13925e-04  -8.73564e-06  -4.50634e-05  -1.15041e-06 
  1.26580e-03  -9.33135e-03  -6.57225e-03   1.33399e-03   1.01968e-04  -9.33135e-03   6.21928e-06 
  3.14821e-03  -2.87822e-03  -1.06309e-03  -6.98523e-04   3.62681e-05  -2.87822e-03   3.64108e-06 
  1.55083e-03  -1.08938e-02   2.94452e-03  -2.19746e-03   9.02712e-05  -1.08938e-02  -3.82558e-07 
 -2.73009e-04   6.38275e-03  -6.52539e-03  -1.64604e-03  -1.26581e-05   6.38275e-03  -6.11830e-06 
 -7.79514e-04  -3.02233e-03   1.44616e-03  -1.19894e-03   2.87782e-05  -3.02233e-03  -3.96400e-06 
  1.52509e-03  -7.24926e-03   4.70348e-03  -1.45785e-03   4.64152e-05  -7.24926e-03  -3.61426e-06 
 -8.80475e-04   2.24112e-03   5.78526e-03   7.63032e-04  -4.97640e-05   2.24112e-03   1.94560e-06 
  2.95492e-03   7.55887e-03  -3.68109e-03  -3.72926e-03  -2.51682e-05   7.55887e-03  -7.38291e-06 
 -3.73799e-03   1.28544e-02  -9.49521e-03   1.01947e-03  -6.33244e-05   1.28544e-02  -1.55930e-06 
 -2.00087e-04   5.39167e-03  -5.24467e-03   6.26287e-04  -2.62545e-05   5.39167e-03   8.48750e-07 
  1.47545e-03   8.11898e-04   8.45229e-03  -1.72552e-03  -3.70210e-05   8.11898e-04  -8.69146e-06 
 -2.68075e-03   9.12540e-03  -5.43377e-03  -1.23221e-03  -4.63453e-05   9.12540e-03  -6.61904e-06 
 -3.49187e-04  -3.40964e-04  -1.02996e-03   1.35451e-03   2.65872e-06  -3.40964e-04   5.00218e-06 
 -5.26730e-04  -8.92541e-03  -3.43285e-03   1.21505e-03   8.73357e-05  -8.92541e-03   7.35468e-06 
  8.76431e-04  -4.22616e-03  -7.81662e-04   3.69502e-03   1.86231e-05  -4.22616e-03   1.02827e-05 
  1.84754e-03   5.90030e-03   1.93284e-03  -1.16987e-03  -5.19666e-05   5.90030e-03  -3.13907e-06 
  3.14722e-03  -6.42981e-03   5.36391e-03   4.33516e-04   2.43750e-05  -6.42981e-03   4.01809e-06 
  5.40166e-04   2.28754e-04   3.37092e-04   4.05027e-04  -1.56684e-06   2.28754e-04   2.08612e-06 
 -1.46150e-03  -2.22917e-03  -8.29083e-03   8.00619e-04   5.62169e-05  -2.22917e-03   3.44050e-06 
 -5.07993e-04   7.53369e-03   6.18428e-03  -9.73894e-04  -9.02432e-05   7.53369e-03  -8.00908e-06 
 -1.79899e-03   7.43085e-04  -2.86936e-03   5.90313e-04   3.76628e-06   7.43085e-04  -2.14063e-06 
 -2.34330e-04  -2.42303e-04  -1.61003e-04  -1.79865e-03   1.29857e-05  -2.42303e-04  -7.60771e-06 
 -1.13257e-03  -3.95978e-03  -3.92680e-03  -9.29963e-04   5.62184e-05  -3.95978e-03  -4.30677e-06 
 -1.07017e-03   7.06536e-03  -3.85654e-03  -1.79058e-03  -3.25296e-05   7.06536e-03  -4.66001e-06 
  1.49238e-03  -7.14998e-03   1.49529e-03  -2.49266e-04   5.56638e-05  -7.14998e-03  -1.40901e-06 
  1.71612e-03   8.70691e-03   8.79974e-03  -1.88972e-04  -1.15140e-04   8.70691e-03  -6.91996e-06 
  9.86607e-04  -5.18849e-03   5.01121e-03   8.75977e-04   1.36806e-05  -5.18849e-03   1.22701e-06 
  4.28773e-03  -1.51307e-03   9.18631e-03  -1.98791e-03  -2.15314e-05  -1.51307e-03  -7.91946e-06 
  1.09533e-03   1.37545e-03   7.00303e-03  -1.43655e-04  -4.98771e-05   1.37545e-03  -7.48637e-06 
 -1.60150e-03  -3.64209e-03  -4.74161e-03   1.33941e-03   4.60516e-05  -3.64209e-03   4.77409e-06 
 -1.04759e-03   4.00820e-03  -1.82783e-03   1.81424e-03  -3.49207e-05   4.00820e-03   5.97966e-06 
 -1.71071e-03   9.51390e-03  -3.13019e-03   8.29428e-04  -7.03494e-05   9.51390e-03   6.54323e-07 
  9.63444e-04   5.18585e-03  -5.70698e-04   1.17441e-03  -4.61311e-05   5.18585e-03   1.63095e-06 
  3.20809e-04  -4.87474e-03   2.23156e-03   4.28056e-05   2.89312e-05  -4.87474e-03   2.83983e-06 
  1.04106e-03  -4.85653e-04   5.72875e-03   4.90411e-04  -2.70513e-05  -4.85653e-04  -2.96369e-06 
  4.41248e-03  -2.92053e-03   6.44874e-03  -1.25048e-04  -5.55120e-06  -2.92053e-03  -4.22841e-06 
 -2.23708e-03  -5.44436e-03   2.36981e-03   4.42140e-04   3.23427e-05  -5.44436e-03  -3.34213e-06 
 -7.71219e-04   3.00835e-04  -1.62359e-03   8.29191e-04  -1.71316e-06   3.00835e-04  -1.12533e-06 
 -1.45018e-03   2.91832e-03  -2.14651e-03   1.25373e-04  -1.69119e-05   2.91832e-03   6.23919e-06 
  2.77401e-03   1.09914e-03   4.03018e-03  -1.57599e-03  -2.08823e-05   1.09914e-03  -5.67755e-06 
  2.58932e-03  -6.37790e-03   7.91784e-03   4.29609e-05   1.34572e-05  -6.37790e-03  -3.52081e-06 
 -1.84459e-03   2.08515e-03  -3.40638e-03   3.41730e-04  -3.51216e-06   2.08515e-03   4.79884e-06 
 -1.73392e-04   9.85330e-04  -2.29408e-04  -3.39828e-04  -5.34634e-06   9.85330e-04  -2.99379e-06 
  9.38442e-04  -6.67543e-03   7.76683e-03  -3.71014e-04   2.30683e-05  -6.67543e-03  -1.00675e-06 
  8.64005e-04   2.83856e-03   9.75556e-04  -5.48303e-04  -2.56056e-05   2.83856e-03   1.76830e-06 
  2.35909e-04  -6.44347e-03   1.60059e-03  -6.94967e-04   5.06153e-05  -6.44347e-03  -3.29422e-06 
  2.59039e-03   8.04164e-04   2.85181e-03  -1.75275e-03  -1.21979e-05   8.04164e-04  -3.65731e-06 
 -1.31501e-03  -2.92451e-03   1.72965e-04   1.51061e-03   1.49585e-05  -2.92451e-03   7.34370e-08 
 -1.35704e-03   9.46171e-03  -4.87496e-03   4.63305e-04  -6.01655e-05   9.46171e-03   1.11183e-05 
  4.15375e-05  -1.46407e-04   9.19015e-04  -9.31245e-04   1.87050e-06  -1.46407e-04  -2.06260e-06 
 -2.57437e-04  -2.05174e-03  -1.85690e-03   3.10502e-04   2.41488e-05  -2.05174e-03   7.98728e-06 
 -1.91029e-03   6.04747e-03  -4.22724e-03   3.57664e-04  -3.29251e-05   6.04747e-03   7.49046e-06 
  2.17334e-03  -7.69353e-03   6.63823e-03  -2.07950e-04   3.39422e-05  -7.69353e-03  -1.17702e-05 
 -3.36835e-03   9.69275e-03  -7.34129e-03   2.28483e-03  -5.93840e-05   9.69275e-03   1.53184e-05 
  2.18729e-03  -6.97232e-03   4.85628e-03  -8.00396e-04   3.91226e-05  -6.97232e-03  -6.15820e-06 
 -6.75212e-04   4.10263e-05   8.73671e-05  -3.77616e-04   1.30590e-06   4.10263e-05   1.76555e-06 
 -7.37680e-04   4.50603e-03  -1.94540e-03   8.46484e-05  -2.74743e-05   4.50603e-03   4.01968e-06 
  2.39386e-04  -1.16919e-02   3.72568e-03   8.94373e-04   7.59510e-05  -1.16919e-02  -2.45093e-07 
  1.44221e-04  -8.02496e-04  -1.61347e-03   9.47748e-04   9.44472e-06  -8.02496e-04   1.81253e-06 
 -4.34888e-04   3.89692e-03  -4.44295e-04  -2.82954e-04  -3.12406e-05   3.89692e-03   2.96027e-06 
 -9.27368e-04   2.36389e-03  -1.21390e-03  -3.50913e-04  -1.16614e-05   2.36389e-03   4.08219e-06 
 -2.22221e-03  -1.01786e-03  -2.15569e-03   7.51054e-04   1.52378e-05  -1.01786e-03   2.87010e-06 
 -1.07653e-03   4.45766e-03  -9.77154e-04  -4.65050e-05  -3.23129e-05   4.45766e-03   4.08667e-06 
  5.02048e-05  -2.42156e-03   2.81716e-03   1.15317e-04   6.19786e-06  -2.42156e-03  -1.49160e-06 
 -6.31529e-04  -5.39912e-04  -1.21537e-03   2.79866e-04   8.42037e-06  -5.39912e-04   9.09880e-07 
  1.54027e-03  -4.31797e-04   3.43012e-03  -1.65717e-04  -1.23495e-05  -4.31797e-04  -5.10372e-07 
 -3.20960e-03   1.05640e-02  -6.88152e-03   3.35584e-04  -5.70222e-05   1.05640e-02   3.74704e-06 
  1.53599e-03  -6.94947e-03   3.42527e-03   1.06005e-03   3.55513e-05  -6.94947e-03  -1.40914e-06 
  1.21603e-03  -5.29123e-03   3.24447e-03   1.00622e-03   2.35214e-05  -5.29123e-03  -2.44871e-06 
  6.97630e-04   5.02081e-03   1.19119e-03  -8.78730e-04  -4.39668e-05   5.02081e-03  -1.92992e-06 
 -1.02255e-04  -3.37255e-03   1.24976e-03   3.70368e-04   2.06518e-05  -3.37255e-03   2.95217e-07 
  2.27257e-03  -6.40381e-03   2.17237e-03  -2.92220e-04   4.58663e-05  -6.40381e-03  -4.73011e-06 
  5.57530e-04   8.71319e-04   7.09516e-04   8.36691e-05  -1.15081e-05   8.71319e-04   6.00148e-07 
 -3.15030e-04  -1.20978e-04  -1.32161e-03   3.73257e-04   6.14855e-06  -1.20978e-04  -6.89983e-07 
 -1.28840e-03   5.10031e-03  -9.67043e-04  -3.28874e-04  -3.67161e-05   5.10031e-03   7.86514e-07 
 -6.45081e-04  -2.14591e-03  -5.67026e-04  -6.24791e-04   2.42898e-05  -2.14591e-03  -2.73698e-06 
 -1.42497e-03   3.50816e-03  -1.11450e-03  -3.19008e-05  -2.43192e-05   3.50816e-03   2.88719e-06 
 -1.18922e-03   4.10244e-03  -3.60469e-03  -8.57118e-04  -1.38445e-05   4.10244e-03   2.26435e-06 
  5.52439e-04   2.15413e-03   5.99131e-04  -7.23071e-04  -1.76609e-05   2.15413e-03  -1.65101e-06 
  3.75724e-04  -8.12557e-04   2.36825e-03   6.01203e-04  -7.01912e-06  -8.12557e-04  -3.25245e-06 
  1.46385e-04  -3.64421e-03   2.67171e-03   8.36508e-05   1.74877e-05  -3.64421e-03  -3.71502e-06 
  4.99376e-04   1.11580e-03   1.33416e-03   7.16503e-04  -2.04351e-05   1.11580e-03  -3.60453e-07 
  7.51424e-04  -1.22843e-04  -1.51868e-04  -7.01361e-04   5.67910e-06  -1.22843e-04  -1.41527e-06 
 -8.23164e-04  -1.45428e-03  -3.60879e-04   3.15810e-04   1.15912e-05  -1.45428e-03  -1.01350e-06 
 -1.22538e-03   3.61969e-03  -1.19243e-03  -1.96667e-04  -2.41935e-05   3.61969e-03   1.28063e-06 
 -1.65806e-03   5.93882e-03  -3.03835e-03   7.84652e-04  -3.97412e-05   5.93882e-03   5.24235e-06 
 -1.11423e-04  -1.87156e-03  -5.83231e-04  -3.53452e-04   2.01175e-05  -1.87156e-03   9.37747e-07 
  1.00643e-03  -2.54111e-03   1.37028e-03  -5.97715e-05   1.47771e-05  -2.54111e-03  -2.40910e-07 
  4.19891e-04  -9.22887e-04   9.60903e-04  -6.80918e-04   6.72557e-06  -9.22887e-04  -2.78165e-06 
 -5.95443e-04  -1.55658e-03  -2.00374e-03  -1.76184e-03   3.19598e-05  -1.55658e-03   3.39418e-06 
 -6.84821e-04   2.53350e-03  -9.00418e-05  -1.37084e-03  -1.37965e-05   2.53350e-03   3.77333e-07 
  5.68728e-04  -6.13751e-04  -1.39565e-03  -1.35127e-03   1.92301e-05  -6.13751e-04  -1.07382e-06 
  6.67233e-04  -1.18462e-03   6.82409e-04  -1.17256e-03   1.35156e-05  -1.18462e-03  -1.94013e-06 
  2.01888e-04  -3.08274e-03   4.85841e-04  -7.13254e-04   2.85707e-05  -3.08274e-03  -2.05492e-06 
  7.62966e-04   1.33748e-03  -1.14398e-03  -8.01050e-04  -8.88323e-07   1.33748e-03  -3.75894e-07 
 -8.94438e-04   2.39997e-03  -1.33294e-03  -6.67408e-04  -9.94236e-06   2.39997e-03   3.36332e-06 
  1.32301e-03  -2.65203e-03   2.18543e-03  -2.71020e-04   1.35364e-05  -2.65203e-03  -2.59161e-06 
 -1.41107e-03   3.16949e-03  -3.06490e-03  -4.83431e-04  -9.13720e-06   3.16949e-03   4.48437e-06 
  5.20830e-04  -7.57996e-04  -1.61587e-04   1.08010e-03   1.95588e-06  -7.57996e-04   5.82370e-07 
  1.08484e-03  -4.61660e-03   1.25445e-03   4.16232e-04   3.14285e-05  -4.61660e-03  -1.44481e-06 
  3.33121e-04  -1.63338e-03   2.22556e-03   1.54375e-03  -5.72945e-06  -1.63338e-03  -1.27616e-06 
 -1.86563e-04   1.63147e-03   5.29707e-04   6.84456e-04  -1.96360e-05   1.63147e-03   3.47317e-07 
  7.14571e-04  -1.56404e-03   2.40825e-03   2.33071e-04   3.18446e-07  -1.56404e-03  -4.11767e-06 
  3.30244e-04  -9.02836e-04   2.77505e-03   4.59598e-04  -8.91864e-06  -9.02836e-04  -4.14532e-06 
  4.71025e-04  -5.03295e-04   9.83432e-04   3.45198e-04  -2.40346e-06  -5.03295e-04  -1.14424e-06 
 -4.59129e-04  -1.07039e-03   6.33975e-04  -4.62114e-04   8.25530e-06  -1.07039e-03   2.84574e-06 
 -9.01661e-05   1.98790e-04   1.82818e-03   1.42310e-04  -1.18258e-05   1.98790e-04  -2.04297e-06 
  1.20207e-03  -1.50074e-04   9.41185e-04  -1.10205e-04  -2.86501e-06  -1.50074e-04  -1.08386e-06 
  5.33645e-04  -2.20496e-03   7.76951e-04   6.58116e-04   1.09896e-05  -2.20496e-03  -2.61185e-06 
  5.03209e-04  -7.87917e-04   3.70921e-04  -4.26135e-04   7.44464e-06  -7.87917e-04  -1.07464e-06 
  9.06480e-06  -5.05451e-04  -9.30299e-04   2.36995e-04   8.40048e-06  -5.05451e-04  -2.30289e-07 
 -6.91713e-05  -6.61372e-04   7.40054e-04   5.91596e-04  -1.72904e-06  -6.61372e-04  -1.90850e-06 
 -5.99318e-04   6.98314e-04  -6.12761e-04  -5.37780e-04  -8.86319e-07   6.98314e-04   3.51221e-06 
  7.03227e-05  -1.47092e-03   9.99646e-04   1.41407e-03  -3.97659e-07  -1.47092e-03  -2.37333e-06 
 -1.94038e-04   1.85097e-03  -6.73632e-04  -5.01980e-04  -9.96524e-06   1.85097e-03  -1.54133e-06 
 -1.37010e-04  -2.83490e-04   5.23237e-05  -7.50824e-04   6.21053e-06  -2.83490e-04   3.66395e-08 
  1.44208e-04   3.60163e-04   6.92816e-04   6.03355e-04  -9.55362e-06   3.60163e-04  -2.89667e-06 
  1.95171e-04   1.75685e-04   2.95016e-04  -8.41149e-04   1.40608e-06   1.75685e-04  -3.83383e-06 
 -5.20365e-05  -8.23970e-04  -1.26508e-03   2.51200e-04   1.16810e-05  -8.23970e-04   4.03548e-06 
 -8.11879e-05  -6.24322e-04   8.06865e-05   2.02971e-04   4.02764e-06  -6.24322e-04   1.02642e-06 
 -5.74462e-04  -1.74208e-04   1.52534e-04  -1.04407e-05   1.44967e-06  -1.74208e-04   1.14116e-06 
  4.02620e-04  -1.51834e-04   1.81330e-03   9.13472e-04  -1.28208e-05  -1.51834e-04  -4.22090e-06 
  1.56221e-04  -1.18798e-03   1.10495e-03  -6.01885e-04   7.43783e-06  -1.18798e-03   2.59720e-06 
  1.70282e-04  -1.94193e-03   4.89756e-04   3.36577e-04   1.22448e-05  -1.94193e-03   2.86714e-06 
  6.73095e-04  -6.52000e-04  -4.79451e-04  -6.99269e-04   1.14439e-05  -6.52000e-04   8.17081e-07 
  7.67408e-04  -9.19982e-04   1.34142e-03   5.34743e-04  -1.93219e-06  -9.19982e-04   1.02532e-06 
  1.60646e-04   1.57746e-04   1.91869e-04   1.19577e-04  -2.43203e-06   1.57746e-04  -1.97400e-06 
 -5.70950e-04  -1.47719e-03   5.20411e-04   6.02334e-04   7.12340e-06  -1.47719e-03   2.03552e-06 
 -1.62709e-05   2.49143e-04   1.68266e-04   4.20082e-04  -4.89855e-06   2.49143e-04  -1.02085e-06 
 -3.12040e-04  -2.66594e-04  -1.97340e-04   3.73515e-05   2.93055e-06  -2.66594e-04   3.77553e-06 
 -1.54688e-05   3.20114e-04  -4.57233e-06   8.57218e-04  -6.98874e-06   3.20114e-04   8.82272e-07 
 -9.54319e-05  -6.93022e-04   5.46528e-04  -1.77750e-04   4.59855e-06  -6.93022e-04  -1.70030e-06 
  9.39142e-05   6.30269e-04   3.46357e-04  -4.51889e-04  -4.58695e-06   6.30269e-04  -4.11824e-06 
  6.29788e-04   1.95021e-03   1.28941e-05  -8.80450e-04  -1.19239e-05   1.95021e-03  -7.42895e-06 
 -1.67245e-04  -6.45067e-04   5.18248e-04   4.36453e-04   5.99168e-07  -6.45067e-04   3.76569e-06 
